0
0
0
0
0
0
0
0
0
0
0
0
0
0
0
0
0
0
0
0
0
0
0
0
0
0
0
0
0
0
0
0
0
0
0
0
0
0
0
0
0
0
0
0
0
0
0
0
0
0
0
0
0
0
0
0
0
0
0
0
0
0
0
0
0
0
0
0
0
0
0
0
0
0
0
0
0
0
0
0
0
0
0
0
0
0
0
0
0
0
0
0
0
0
0
0
0
0
0
0
0
0
0
0
0
0
0
0
0
0
0
0
0
0
0
0
0
0
0
0
0
0
0
0
0
0
0
0
0
0
0
0
0
0
0
0
0
0
0
0
0
0
0
0
0
0
0
0
0
0
0
0
0
0
0
0
0
0
0
0
0
0
0
0
0
0
0
0
0
0
0
0
0
0
0
0
0
0
0
0
0
0
0
0
0
0
0
0
0
0
0
0
0
0
0
0
0
0
0
0
0
0
0
0
0
0
0
0
0
0
0
0
0
0
0
0
0
0
0
0
0
0
0
0
0
0
0
0
0
0
0
0
0
0
0
0
0
0
0
0
0
0
0
0
0
0
0
0
0
0
0
0
0
0
0
0
0
0
0
0
0
0
0
0
0
0
0
0
0
0
0
0
0
0
0
0
0
0
0
0
0
0
0
0
0
0
0
0
0
0
0
0
0
0
0
0
0
0
0
0
0
0
0
0
0
0
0
0
0
0
0
0
0
0
0
0
0
0
0
0
0
0
0
0
0
0
0
0
0
0
0
0
0
0
0
0
0
0
0
0
0
0
0
0
0
0
0
0
0
0
0
0
0
0
0
0
0
0
0
0
0
0
0
0
0
0
0
0
0
0
0
0
0
0
0
0
0
0
0
0
0
0
0
0
0
0
0
0
0
0
0
0
0
0
0
0
0
0
0
0
0
0
0
0
0
0
0
0
0
0
0
0
0
0
0
0
0
0
0
0
0
0
0
0
0
0
0
0
0
0
0
0
0
0
0
0
0
0
0
0
0
0
0
0
0
0
0
0
0
0
0
0
0
0
0
0
0
0
0
0
0
0
0
0
0
0
0
0
0
0
0
0
0
0
0
0
0
0
0
0
0
0
0
0
0
0
0
0
0
0
0
0
0
0
0
0
0
0
0
0
0
0
0
0
0
0
0
0
0
0
0
0
0
0
0
0
0
0
0
0
0
0
0
0
0
0
0
0
0
0
0
0
0
0
0
0
0
0
0
0
0
0
0
0
0
0
0
0
0
0
0
0
0
0
0
0
0
0
0
0
0
0
0
0
0
0
0
0
0
0
0
0
0
0
0
0
0
0
0
0
0
0
0
0
0
0
0
0
0
0
0
0
0
0
0
0
0
0
0
0
0
0
0
0
0
0
0
0
0
0
0
0
0
0
0
0
0
0
0
0
0
0
0
0
0
0
0
0
0
0
0
0
0
0
0
0
0
0
0
0
0
0
0
0
0
0
0
0
0
0
0
0
0
0
0
0
0
0
0
0
0
0
0
0
0
0
0
0
0
0
0
0
0
0
0
0
0
0
0
0
0
0
0
0
0
0
0
0
0
0
0
0
0
0
0
0
0
0
0
0
0
0
0
0
0
0
0
0
0
0
0
0
0
0
0
0
0
0
0
0
0
0
0
0
0
0
0
0
0
0
0
0
0
0
0
0
0
0
0
0
0
0
0
0
0
0
0
0
0
0
0
0
0
0
0
0
0
0
0
0
0
0
0
0
0
0
0
0
0
0
0
0
0
0
0
0
0
0
0
0
0
0
0
0
0
0
0
0
0
0
0
0
0
0
0
0
0
0
0
0
0
0
0
0
0
0
0
0
0
0
0
0
0
0
0
0
0
0
0
0
0
0
0
0
0
0
0
0
0
0
0
0
0
0
0
0
0
0
0
0
0
0
0
0
0
0
0
0
0
0
0
0
0
0
0
0
0
0
0
0
0
0
0
0
0
0
0
0
0
0
0
0
0
0
0
0
0
0
0
0
0
0
0
0
0
0
0
0
0
0
0
0
0
0
0
0
0
0
0
0
0
0
0
0
0
0
0
0
0
0
0
0
0
0
0
0
0
0
0
0
0
0
0
0
0
0
0
0
0
0
0
0
0
0
0
0
0
0
0
0
0
0
0
0
0
0
0
0
0
0
0
0
0
0
0
0
0
0
0
0
0
0
0
0
0
0
0
0
0
0
0
0
0
0
0
0
0
0
0
0
0
0
0
0
0
0
0
0
0
0
0
0
0
0
0
0
0
0
0
0
0
0
-5.23598775598288e-06
-1.56556033903888e-05
-3.12070106244335e-05
-5.18388915421217e-05
-7.75004414066158e-05
-0.000108141363528448
-0.000143711864185044
-0.000184162647591058
-0.000229444910918994
-0.000279510339369634
-0.00033431110129175
-0.000393799843350629
-0.000457929685744902
-0.000526654217471215
-0.000599927491636248
-0.000677704020815613
-0.000759938772459168
-0.00084658716434227
-0.000937605060062524
-0.00103294876458156
-0.00113257501981139
-0.0012364410002449
-0.00134450430863006
-0.00145672297168735
-0.00157305543587005
-0.00169346056316691
-0.00181789762694678
-0.00194632630784483
-0.00207870668968989
-0.00221499925547248
-0.00235516488335323
-0.00249916484271116
-0.00264696079023148
-0.00279851476603259
-0.00295378918983167
-0.00311274685714874
-0.00327535093554862
-0.00344156496092049
-0.00361135283379462
-0.003784678815696
-0.00396150752553434
-0.00414180393603028
-0.00432553337017725
-0.00451266149773872
-0.00470315433178057
-0.00489697822523799
-0.00509409986751681
-0.00529448628112882
-0.0054981048183607
-0.00570492315797624
-0.00591490930195161
-0.00612803157224321
-0.00634425860758788
-0.00656355936033508
-0.00678590309331079
-0.00701125937671273
-0.00723959808503664
-0.00747088939403328
-0.00770510377769595
-0.00794221200527797
-0.00818218513834015
-0.00842499452782769
-0.00867061181117634
-0.00891900890944749
-0.00917015802449191
-0.00942403163614187
-0.00968060249943131
-0.00993984364184384
-0.0102017283605882
-0.0104662302199012
-0.0107333230483769
-0.0110029809363239
-0.0112751782331475
-0.0115498895447587
-0.0118270897310099
-0.0121067539031545
-0.0123888574213336
-0.012673375892087
-0.0129602851658887
-0.0132495613347085
-0.013541180729596
-0.0138351199182907
-0.0141313557028544
-0.0144298651173284
-0.0147306254254137
-0.0150336141181741
-0.0153388089117628
-0.0156461877451717
-0.0159557287780025
-0.0162674103882609
-0.0165812111701728
-0.0168971099320215
-0.0172150856940077
-0.01753511768613
-0.0178571853460871
-0.0181812683172006
-0.0185073464463589
-0.0188353997819817
-0.0191654085720042
-0.0194973532618824
-0.0198312144926179
-0.020166973098802
-0.0205046101066802
-0.0208441067322356
-0.0211854443792915
-0.0215286046376328
-0.0218735692811466
-0.0222203202659813
-0.0225688397287237
-0.0229191099845945
-0.0232711135256627
-0.0236248330190762
-0.0239802513053115
-0.0243373513964404
-0.0246961164744141
-0.025056529889364
-0.0254185751579203
-0.0257822359615471
-0.0261474961448936
-0.0265143397141627
-0.026882750835495
-0.0272527138333699
-0.0276242131890222
-0.0279972335388738
-0.028371759672983
-0.028747776533507
-0.0291252692131818
-0.0295042229538158
-0.0298846231447994
-0.0302664553216292
-0.0306497051644467
-0.031034358496592
-0.0314204012831718
-0.0318078196296418
-0.0321965997804031
-0.0325867281174127
-0.0329781911588083
-0.0333709755575458
-0.033765068100052
-0.0341604557048891
-0.0345571254214338
-0.0349550644285691
-0.0353542600333889
-0.0357546996699166
-0.036156370897835
-0.0365592614012301
-0.0369633589873473
-0.0373686515853594
-0.0377751272451472
-0.0381827741360932
-0.0385915805458857
-0.0390015348793363
-0.0394126256572083
-0.0398248415150576
-0.0402381712020844
-0.0406526035799969
-0.0410681276218862
-0.0414847324111127
-0.0419024071402029
-0.0423211411097581
-0.0427409237273738
-0.0431617445065693
-0.0435835930657288
-0.0440064591270527
-0.0444303325155194
-0.0448552031578574
-0.045281061081528
-0.0457078964137178
-0.0461356993803418
-0.0465644603050555
-0.046994169608278
-0.0474248178062243
-0.0478563955099471
-0.0482888934243887
-0.0487223023474418
-0.0491566131690204
-0.0495918168701392
-0.0500279045220028
-0.0504648672851037
-0.0509026964083296
-0.0513413832280792
-0.0517809191673873
-0.0522212957350584
-0.0526625045248086
-0.0531045372144174
-0.0535473855648861
-0.053991041419606
-0.0544354967035348
-0.0548807434223802
-0.0553267736617932
-0.055773579586568
-0.0562211534398511
-0.0566694875423573
-0.0571185742915944
-0.0575684061610951
-0.0580189756996568
-0.0584702755305889
-0.0589222983509677
-0.0593750369308986
-0.0598284841127862
-0.0602826328106109
-0.0607374760092134
-0.0611930067635858
-0.0616492181981705
-0.0621061035061653
-0.0625636559488361
-0.0630218688548362
-0.0634807356195323
-0.0639402497043375
-0.0644004046360505
-0.0648611940062024
-0.0653226114704088
-0.0657846507477291
-0.0662473056200321
-0.0667105699313682
-0.0671744375873468
-0.0676389025545217
-0.0681039588597807
-0.0685696005897432
-0.069035821890162
-0.0695026169653327
-0.0699699800775075
-0.0704379055463167
-0.0709063877481937
-0.0713754211158079
-0.071845000137502
-0.0723151193567351
-0.0727857733715319
-0.0732569568339367
-0.0737286644494734
-0.0742008909766107
-0.0746736312262327
-0.0751468800611144
-0.0756206323954033
-0.0760948831941052
-0.0765696274725762
-0.0770448602960184
-0.0775205767789821
-0.0779967720848723
-0.0784734414254595
-0.0789505800603968
-0.0794281832967407
-0.0799062464884771
-0.0803847650360522
-0.0808637343859075
-0.0813431500300203
-0.0818230075054479
-0.0823033023938771
-0.0827840303211781
-0.0832651869569621
-0.0837467680141442
-0.0842287692485105
-0.0847111864582891
-0.0851940154837259
-0.0856772522066643
-0.0861608925501293
-0.0866449324779156
-0.0871293679941801
-0.0876141951430379
-0.0880994100081631
-0.088585008712393
-0.0890709874173366
-0.0895573423229868
-0.0900440696673364
-0.0905311657259985
-0.09101862681183
-0.0915064492745592
-0.091994629500417
-0.0924831639117723
-0.09297204896677
-0.0934612811589737
-0.0939508570170113
-0.0944407731042245
-0.0949310260183216
-0.0954216123910337
-0.0959125288877747
-0.0964037722073043
-0.0968953390813945
-0.0973872262744998
-0.09787943058343
-0.0983719488370269
-0.0988647778958439
-0.0993579146518286
-0.0998513560280095
-0.100345098978185
-0.100839140486614
-0.101333477567715
-0.101828107265761
-0.102323026654582
-0.102818232837271
-0.10331372294589
-0.103809494141178
-0.104305543612269
-0.104801868576405
-0.105298466278656
-0.105795333991641
-0.106292469015251
-0.106789868676382
-0.107287530328657
-0.107785451352165
-0.108283629153194
-0.108782061163969
-0.109280744842392
-0.109779677671787
-0.110278857160644
-0.110778280842369
-0.111277946275032
-0.111777851041124
-0.112277992747312
-0.112778369024193
-0.113278977526062
-0.113779815930668
-0.114280881938984
-0.114782173274973
-0.115283687685358
-0.115785422939395
-0.116287376828648
-0.116789547166764
-0.117291931789255
-0.117794528553277
-0.118297335337414
-0.118800350041467
-0.119303570586235
-0.119806994913311
-0.120310620984872
-0.120814446783474
-0.121318470311846
-0.12182268959269
-0.122327102668481
-0.122831707601271
-0.123336502472488
-0.12384148538275
-0.124346654451665
-0.124852007817646
-0.125357543637724
-0.125863260087357
-0.12636915536025
-0.12687522766817
-0.127381475240766
-0.127887896325393
-0.128394489186929
-0.128901252107606
-0.129408183386832
-0.129915281341022
-0.130422544303426
-0.130929970623962
-0.131437558669048
-0.13194530682144
-0.132453213480063
-0.132961277059857
-0.133469495991608
-0.133977868721798
-0.134486393712442
-0.134995069440936
-0.1355038943999
-0.136012867097031
-0.136521986054947
-0.137031249811039
-0.137540656917327
-0.138050205940307
-0.138559895460814
-0.139069724073872
-0.139579690388555
-0.140089793027847
-0.140600030628503
-0.141110401840907
-0.141620905328944
-0.142131539769856
-0.142642303854115
-0.143153196285288
-0.143664215779905
-0.144175361067331
-0.14468663088964
-0.145198024001481
-0.14570953916996
-0.14622117517451
-0.14673293080677
-0.147244804870464
-0.147756796181277
-0.148268903566738
-0.1487811258661
-0.149293461930225
-0.149805910621464
-0.150318470813547
-0.150831141391465
-0.151343921251359
-0.151856809300411
-0.152369804456728
-0.152882905649239
-0.15339611181758
-0.153909421911993
-0.154422834893219
-0.154936349732388
-0.155449965410921
-0.155963680920425
-0.15647749526259
-0.15699140744909
-0.15750541650148
-0.158019521451102
-0.158533721338984
-0.159048015215744
-0.159562402141492
-0.160076881185738
-0.160591451427297
-0.161106111954198
-0.161620861863585
-0.162135700261634
-0.162650626263459
-0.163165638993021
-0.163680737583044
-0.164195921174923
-0.164711188918638
-0.165226539972673
-0.165741973503923
-0.166257488687617
-0.16677308470723
-0.167288760754402
-0.167804516028859
-0.168320349738327
-0.168836261098457
-0.169352249332741
-0.169868313672439
-0.170384453356495
-0.170900667631467
-0.171416955751445
-0.171933316977979
-0.172449750580004
-0.172966255833765
-0.173482832022744
-0.173999478437589
-0.174516194376042
-0.175032979142866
-0.175549832049778
-0.176066752415377
-0.176583739565076
-0.177100792831034
-0.177617911552088
-0.178135095073688
-0.178652342747827
-0.179169653932981
-0.17968702799404
-0.180204464302244
-0.180721962235122
-0.181239521176427
-0.181757140516076
-0.182274819650083
-0.182792557980507
-0.183310354915382
-0.183828209868665
-0.18434612226017
-0.184864091515517
-0.185382117066066
-0.185900198348866
-0.186418334806593
-0.1869365258875
-0.187454771045353
-0.187973069739384
-0.18849142143423
-0.189009825599884
-0.189528281711637
-0.190046789250029
-0.190565347700793
-0.191083956554805
-0.191602615308033
-0.192121323461485
-0.192640080521158
-0.193158885997991
-0.193677739407811
-0.194196640271289
-0.194715588113888
-0.195234582465817
-0.195753622861983
-0.196272708841943
-0.196791839949859
-0.197311015734453
-0.197830235748956
-0.19834949955107
-0.19886880670292
-0.199388156771006
-0.199907549326168
-0.200426983943534
-0.200946460202483
-0.201465977686598
-0.201985535983627
-0.202505134685443
-0.203024773387996
-0.20354445169128
-0.204064169199287
-0.20458392551997
-0.205103720265202
-0.205623553050737
-0.206143423496173
-0.206663331224911
-0.207183275864118
-0.207703257044688
-0.208223274401209
-0.20874332757192
-0.209263416198681
-0.209783539926929
-0.210303698405652
-0.210818655299587
-0.211328462624582
-0.211833171876328
-0.212332834035556
-0.212827499573192
-0.213317218455452
-0.213802040148889
-0.214282013625391
-0.214757187367129
-0.215227609371449
-0.215693327155726
-0.21615438776216
-0.21661083776253
-0.217062723262896
-0.217510089908259
-0.217952982887168
-0.218391446936288
-0.218825526344916
-0.219255264959458
-0.219680706187855
-0.220101893003968
-0.22051886795192
-0.220931673150392
-0.22134035029688
-0.221744940671903
-0.222145485143175
-0.222542024169735
-0.222934597806029
-0.22332324570596
-0.223708007126892
-0.224088920933615
-0.22446602560227
-0.224839359224239
-0.225208959509988
-0.22557486379288
-0.225937109032942
-0.226295731820604
-0.22665076838039
-0.227002254574577
-0.227350225906823
-0.227694717525746
-0.22803576422848
-0.228373400464187
-0.228707660337537
-0.229038577612153
-0.229366185714023
-0.229690517734874
-0.230011606435517
-0.230329484249153
-0.230644183284653
-0.230955735329798
-0.231264171854492
-0.231569524013938
-0.23187182265179
-0.232171098303264
-0.232467381198223
-0.232760701264232
-0.233051088129581
-0.233338571126277
-0.233623179293005
-0.233904941378067
-0.234183885842278
-0.234460040861846
-0.234733434331219
-0.235004093865899
-0.235272046805231
-0.23553732021517
-0.23579994089101
-0.236059935360092
-0.236317329884482
-0.236572150463629
-0.236824422836984
-0.237074172486606
-0.237321424639731
-0.237566204271325
-0.237808536106604
-0.238048444623529
-0.238285954055285
-0.238521088392724
-0.238753871386788
-0.238984326550912
-0.239212477163394
-0.239438346269752
-0.239661956685046
-0.239883330996187
-0.240102491564216
-0.240319460526566
-0.240534259799292
-0.24074691107929
-0.240957435846489
-0.241165855366015
-0.241372190690347
-0.241576462661435
-0.241778691912812
-0.241978898871675
-0.24217710376095
-0.242373326601332
-0.24256758721331
-0.242759905219169
-0.242950300044968
-0.24313879092251
-0.243325396891277
-0.243510136800355
-0.243693029310343
-0.243874092895231
-0.244053345844271
-0.244230806263819
-0.244406492079173
-0.244580421036372
-0.244752610704
-0.244923078474952
-0.245091841568194
-0.245258917030503
-0.24542432173819
-0.245588072398799
-0.245750185552803
-0.245910677575266
-0.246069564677505
-0.246226862908722
-0.246382588157626
-0.246536756154041
-0.246689382470492
-0.246840482523779
-0.246990071576532
-0.247138164738759
-0.247284776969363
-0.24742992307766
-0.247573617724875
-0.247715875425618
-0.247856710549353
-0.247996137321851
-0.248134169826624
-0.24827082200635
-0.248406107664278
-0.248540040465626
-0.248672633938961
-0.248803901477563
-0.248933856340779
-0.249062511655363
-0.249189880416801
-0.249315975490624
-0.24944080961371
-0.249564395395564
-0.2496867453196
-0.249807871744395
-0.249927786904943
-0.250046502913885
-0.250164031762738
-0.250280385323102
-0.250395575347862
-0.250509613472375
-0.250622511215643
-0.250734279981478
-0.250844931059655
-0.25095447562705
-0.251062924748771
-0.251170289379274
-0.251276580363473
-0.25138180843783
-0.251485984231443
-0.25158911826712
-0.25169122096244
-0.251792302630807
-0.251892373482491
-0.251991443625657
-0.252089523067392
-0.25218662171471
-0.252282749375554
-0.25237791575979
-0.252472130480184
-0.252565403053373
-0.252657742900831
-0.252749159349814
-0.252839661634308
-0.252929258895956
-0.253017960184988
-0.25310577446113
-0.25319271059451
-0.253278777366556
-0.253363983470882
-0.253448337514165
-0.253531848017015
-0.253614523414836
-0.253696372058679
-0.253777402216084
-0.253857622071915
-0.253937039729187
-0.254015663209887
-0.254093500455779
-0.254170559329213
-0.254246847613912
-0.254322373015765
-0.254397143163599
-0.254471165609954
-0.254544447831846
-0.254616997231519
-0.254688821137195
-0.254759926803815
-0.254830321413768
-0.254900012077622
-0.254969005834837
-0.25503730965448
-0.255104930435927
-0.255171875009559
-0.255238150137455
-0.255303762514072
-0.255368718766923
-0.255433025457245
-0.255496689080664
-0.255559716067849
-0.255622112785162
-0.255683885535302
-0.25574504055794
-0.255805584030353
-0.255865522068041
-0.255924860725352
-0.25598360599609
-0.25604176381412
-0.25609934005397
-0.256156340531422
-0.2562127710041
-0.25626863717205
-0.256323944678321
-0.256378699109529
-0.256432905996426
-0.256486570814453
-0.2565396989843
-0.256592295872448
-0.256644366791715
-0.25669591700179
-0.256746951709763
-0.256797476070657
-0.256847495187942
-0.256897014114054
-0.256946037850905
-0.256994571350387
-0.257042619514875
-0.257090187197718
-0.257137279203732
-0.257183900289686
-0.257230055164781
-0.257275748491125
-0.257320984884205
-0.257365768913354
-0.257410105102212
-0.257453997929182
-0.257497451827881
-0.257540471187594
-0.257583060353709
-0.257625223628164
-0.257666965269874
-0.257708289495166
-0.257749200478206
-0.257789702351416
-0.257829799205893
-0.257869495091826
-0.257908794018899
-0.257947699956701
-0.257986216835126
-0.258024348544766
-0.25806209893731
-0.258099471825928
-0.258136470985661
-0.258173100153795
-0.258209363030249
-0.258245263277938
-0.25828080452315
-0.25831599035591
-0.258350824330342
-0.258385309965031
-0.258419450743372
-0.25845325011393
-0.258486711490782
-0.258519838253865
-0.258552633749318
-0.258585101289817
-0.25861724415491
-0.258649065591352
-0.25868056881343
-0.258711757003287
-0.258742633311246
-0.258773200856125
-0.258803462725555
-0.258833421976291
-0.25886308163452
-0.258892444696166
-0.258921514127196
-0.258950292863916
-0.258978783813268
-0.259006989853127
-0.259034913832587
-0.259062558572253
-0.259089926864521
-0.259117021473868
-0.259143845137121
-0.259170400563741
-0.259196690436095
-0.259222717409726
-0.25924848411362
-0.259273993150475
-0.259299247096962
-0.259324248503984
-0.259348999896935
-0.259373503775957
-0.259397762616189
-0.259421778868019
-0.25944555495733
-0.259469093285748
-0.259492396230882
-0.259515466146565
-0.259538305363091
-0.259560916187452
-0.259583300903569
-0.259605461772524
-0.259627401032791
-0.259649120900454
-0.259670623569441
-0.259691911211738
-0.259712985977612
-0.259733849995828
-0.259754505373861
-0.259774954198114
-0.259795198534124
-0.259815240426774
-0.259835081900498
-0.259854724959485
-0.259874171587881
-0.259893423749994
-0.259912483390486
-0.259931352434572
-0.259950032788218
-0.259968526338327
-0.259986834952936
-0.260004960481398
-0.260022904754575
-0.260040669585021
-0.260058256767162
-0.260075668077482
-0.260092905274699
-0.260109970099943
-0.260126864276935
-0.260143589512157
-0.260160147495027
-0.260176539898069
-0.260192768377079
-0.2602088345713
-0.260224740103579
-0.260240486580534
-0.26025607559272
-0.260271508714785
-0.260286787505628
-0.260301913508564
-0.260316888251469
-0.260331713246946
-0.260346389992468
-0.260360919970535
-0.260375304648821
-0.260389545480325
-0.260403643903513
-0.260417601342469
-0.260431419207036
-0.260445098892957
-0.260458641782019
-0.26047204924219
-0.26048532262776
-0.260498463279474
-0.26051147252467
-0.260524351677415
-0.260537102038633
-0.260549724896238
-0.260562221525267
-0.260574593188006
-0.260586841134117
-0.260598966600767
-0.260610970812751
-0.260622854982615
-0.260634620310781
-0.260646267985664
-0.260657799183799
-0.260669215069953
-0.260680516797245
-0.260691705507264
-0.260702782330183
-0.260713748384872
-0.260724604779015
-0.260735352609216
-0.260745992961116
-0.260756526909496
-0.260766955518393
-0.2607772798412
-0.26078750092078
-0.260797619789563
-0.260807637469659
-0.260817554972954
-0.260827373301216
-0.260837093446195
-0.260846716389725
-0.260856243103819
-0.260865674550772
-0.260875011683256
-0.260884255444415
-0.260893406767963
-0.260902466578274
-0.260911435790483
-0.26092031531057
-0.260929106035456
-0.260937808853093
-0.260946424642553
-0.260954954274119
-0.260963398609369
-0.260971758501267
-0.260980034794246
-0.260988228324295
-0.260996339919044
-0.261004370397845
-0.261012320571858
-0.261020191244131
-0.261027983209681
-0.261035697255575
-0.261043334161011
-0.261050894697393
-0.26105837962841
-0.261065789710118
-0.261073125691008
-0.261080388312089
-0.26108757830696
-0.261094696401882
-0.261101743315854
-0.261108719760687
-0.261115626441072
-0.261122464054653
-0.261129233292098
-0.261135934837168
-0.261142569366788
-0.261149137551112
-0.261155640053592
-0.261162077531048
-0.261168450633729
-0.261174760005383
-0.261181006283321
-0.261187190098479
-0.261193312075486
-0.261199372832722
-0.261205372982386
-0.261211313130554
-0.26121719387724
-0.261223015816459
-0.261228779536286
-0.261234485618915
-0.261240134640717
-0.261245727172301
-0.26125126377857
-0.261256745018776
-0.261262171446579
-0.261267543610105
-0.261272862051996
-0.261278127309467
-0.261283339914364
-0.261288500393212
-0.261293609267271
-0.26129866705259
-0.261303674260055
-0.261308631395446
-0.261313538959483
-0.26131839744788
-0.261323207351393
-0.26132796915587
-0.261332683342303
-0.261337350386872
-0.261341970760994
-0.261346544931376
-0.261351073360054
-0.261355556504445
-0.261359994817392
-0.261364388747209
-0.261368738737729
-0.261373045228343
-0.261377308654051
-0.261381529445502
-0.261385708029038
-0.261389844826739
-0.261393940256464
-0.26139799473189
-0.261402008662563
-0.261405982453929
-0.261409916507381
-0.261413811220299
-0.261417666986087
-0.261421484194218
-0.261425263230267
-0.261429004475956
-0.261432708309188
-0.261436375104088
-0.261440005231038
-0.261443599056719
-0.261447156944144
-0.261450679252694
-0.261454166338158
-0.261457618552768
-0.261461036245232
-0.261464419760771
-0.261467769441155
-0.261471085624735
-0.261474368646479
-0.261477618838006
-0.261480836527617
-0.261484022040332
-0.261487175697921
-0.261490297818933
-0.261493388718735
-0.261496448709539
-0.261499478100435
-0.261502477197422
-0.26150544630344
-0.261508385718397
-0.261511295739204
-0.261514176659804
-0.261517028771197
-0.261519852361477
-0.261522647715853
-0.261525415116686
-0.261528154843511
-0.261530867173068
-0.261533552379328
-0.261536210733527
-0.261538842504183
-0.261541447957132
-0.261544027355553
-0.261546580959989
-0.26154910902838
-0.261551611816088
-0.261554089575918
-0.261556542558151
-0.261558971010561
-0.261561375178447
-0.261563755304654
-0.261566111629599
-0.261568444391294
-0.261570753825373
-0.261573040165111
-0.261575303641451
-0.261577544483028
-0.261579762916189
-0.261581959165019
-0.26158413345136
-0.261586285994838
-0.261588417012881
-0.261590526720744
-0.261592615331528
-0.261594683056204
-0.261596730103633
-0.261598756680589
-0.261600762991774
-0.261602749239848
-0.261604715625441
-0.261606662347178
-0.261608589601698
-0.261610497583672
-0.261612386485827
-0.26161425649896
-0.261616107811962
-0.261617940611834
-0.261619755083707
-0.261621551410862
-0.261623329774745
-0.261625090354989
-0.26162683332943
-0.261628558874127
-0.261630267163378
-0.261631958369735
-0.261633632664029
-0.261635290215381
-0.261636931191218
-0.261638555757298
-0.261640164077716
-0.26164175631493
-0.261643332629773
-0.261644893181466
-0.261646438127643
-0.261647967624358
-0.261649481826106
-0.261650980885837
-0.26165246495497
-0.261653934183412
-0.261655388719569
-0.261656828710365
-0.261658254301253
-0.261659665636232
-0.261661062857861
-0.261662446107274
-0.261663815524192
-0.261665171246942
-0.261666513412464
-0.261667842156331
-0.261669157612759
-0.261670459914623
-0.261671749193468
-0.261673025579525
-0.261674289201721
-0.261675540187696
-0.26167677866381
-0.261678004755164
-0.261679218585603
-0.261680420277739
-0.261681609952953
-0.261682787731415
-0.261683953732092
-0.261685108072763
-0.261686250870027
-0.261687382239318
-0.261688502294916
-0.261689611149959
-0.261690708916451
-0.261691795705278
-0.261692871626216
-0.261693936787946
-0.261694991298058
-0.261696035263069
-0.261697068788429
-0.261698091978537
-0.261699104936743
-0.261700107765367
-0.261701100565705
-0.261702083438039
-0.26170305648165
-0.261704019794825
-0.261704973474868
-0.261705917618111
-0.261706852319922
-0.261707777674714
-0.261708693775958
-0.26170960071619
-0.26171049858702
-0.261711387479141
-0.261712267482341
-0.261713138685509
-0.261714001176646
-0.261714855042871
-0.261715700370433
-0.261716537244721
-0.261717365750265
-0.261718185970754
-0.261718997989038
-0.261719801887139
-0.261720597746259
-0.261721385646788
-0.261722165668311
-0.26172293788962
-0.261723702388715
-0.261724459242819
-0.261725208528383
-0.26172595032109
-0.261726684695871
-0.261727411726904
-0.261728131487626
-0.261728844050741
-0.261729549488226
-0.261730247871335
-0.261730939270613
-0.261731623755898
-0.261732301396331
-0.261732972260359
-0.261733636415747
-0.261734293929581
-0.261734944868277
-0.261735589297585
-0.261736227282601
-0.261736858887766
-0.26173748417688
-0.261738103213103
-0.261738716058963
-0.261739322776365
-0.261739923426593
-0.261740518070319
-0.261741106767607
-0.261741689577922
-0.261742266560135
-0.261742837772525
-0.261743403272791
-0.261743963118055
-0.261744517364866
-0.261745066069208
-0.261745609286508
-0.261746147071634
-0.261746679478909
-0.261747206562112
-0.261747728374482
-0.261748244968729
-0.261748756397033
-0.261749262711054
-0.261749763961935
-0.261750260200307
-0.261750751476296
-0.261751237839524
-0.26175171933912
-0.261752196023721
-0.261752667941475
-0.261753135140052
-0.261753597666643
-0.261754055567968
-0.26175450889028
-0.261754957679368
-0.261755401980566
-0.261755841838752
-0.261756277298356
-0.261756708403364
-0.261757135197322
-0.26175755772334
-0.261757976024098
-0.261758390141849
-0.261758800118422
-0.261759205995229
-0.261759607813268
-0.261760005613127
-0.261760399434987
-0.261760789318629
-0.261761175303434
-0.261761557428391
-0.261761935732099
-0.261762310252769
-0.261762681028233
-0.261763048095942
-0.261763411492974
-0.261763771256036
-0.261764127421467
-0.261764480025244
-0.261764829102983
-0.261765174689945
-0.261765516821037
-0.261765855530818
-0.261766190853501
-0.261766522822958
-0.26176685147272
-0.261767176835984
-0.261767498945616
-0.261767817834151
-0.261768133533801
-0.261768446076454
-0.261768755493681
-0.261769061816736
-0.26176936507656
-0.261769665303786
-0.26176996252874
-0.261770256781444
-0.261770548091621
-0.261770836488696
-0.261771122001801
-0.261771404659774
-0.261771684491168
-0.261771961524248
-0.261772235786997
-0.261772507307118
-0.261772776112039
-0.26177304222891
-0.261773305684612
-0.261773566505757
-0.261773824718691
-0.261774080349496
-0.261774333423992
-0.261774583967744
-0.261774832006058
-0.261775077563989
-0.261775320666341
-0.261775561337669
-0.261775799602284
-0.261776035484252
-0.261776269007401
-0.261776500195319
-0.261776729071357
-0.261776955658635
-0.26177717998004
-0.261777402058231
-0.26177762191564
-0.261777839574475
-0.261778055056722
-0.261778268384146
-0.261778479578296
-0.261778688660505
-0.261778895651891
-0.261779100573364
-0.261779303445622
-0.261779504289157
-0.261779703124257
-0.261779899971006
-0.261780094849287
-0.261780287778786
-0.26178047877899
-0.261780667869191
-0.261780855068491
-0.261781040395797
-0.261781223869831
-0.261781405509124
-0.261781585332024
-0.261781763356696
-0.26178193960112
-0.2617821140831
-0.261782286820261
-0.26178245783005
-0.261782627129741
-0.261782794736435
-0.261782960667062
-0.261783124938383
-0.261783287566991
-0.261783448569312
-0.261783607961611
-0.261783765759986
-0.261783921980378
-0.261784076638565
-0.261784229750171
-0.261784381330661
-0.261784531395346
-0.261784679959384
-0.261784827037781
-0.261784972645395
-0.261785116796933
-0.261785259506955
-0.261785400789877
-0.26178554065997
-0.261785679131361
-0.261785816218039
-0.26178595193385
-0.261786086292503
-0.26178621930757
-0.261786350992486
-0.261786481360552
-0.261786610424938
-0.26178673819868
-0.261786864694685
-0.26178698992573
-0.261787113904464
-0.261787236643411
-0.261787358154968
-0.26178747845141
-0.261787597544887
-0.26178771544743
-0.261787832170947
-0.261787947727229
-0.261788062127948
-0.26178817538466
-0.261788287508805
-0.261788398511709
-0.261788508404583
-0.261788617198529
-0.261788724904535
-0.261788831533481
-0.261788937096138
-0.261789041603168
-0.261789145065128
-0.261789247492468
-0.261789348895535
-0.261789449284571
-0.261789548669717
-0.261789647061011
-0.261789744468392
-0.2617898409017
-0.261789936370674
-0.261790030884959
-0.261790124454101
-0.261790217087552
-0.261790308794668
-0.261790399584712
-0.261790489466857
-0.26179057845018
-0.261790666543669
-0.261790753756224
-0.261790840096653
-0.261790925573678
-0.261791010195933
-0.261791093971965
-0.261791176910237
-0.261791259019126
-0.261791340306926
-0.261791420781849
-0.261791500452022
-0.261791579325493
-0.26179165741023
-0.261791734714119
-0.261791811244969
-0.261791887010511
-0.261791962018397
-0.261792036276205
-0.261792109791434
-0.261792182571511
-0.261792254623788
-0.261792325955541
-0.261792396573977
-0.261792466486229
-0.261792535699358
-0.261792604220356
-0.261792672056144
-0.261792739213574
-0.26179280569943
-0.261792871520427
-0.261792936683214
-0.261793001194374
-0.261793065060422
-0.261793128287809
-0.261793190882922
-0.261793252852084
-0.261793314201555
-0.261793374937531
-0.261793435066147
-0.261793494593477
-0.261793553525534
-0.26179361186827
-0.261793669627579
-0.261793726809295
-0.261793783419193
-0.261793839462993
-0.261793894946354
-0.261793949874882
-0.261794004254125
-0.261794058089575
-0.261794111386671
-0.261794164150796
-0.261794216387279
-0.261794268101398
-0.261794319298375
-0.261794369983383
-0.261794420161541
-0.261794469837917
-0.261794519017529
-0.261794567705346
-0.261794615906284
-0.261794663625212
-0.261794710866952
-0.261794757636274
-0.261794803937902
-0.261794849776515
-0.261794895156741
-0.261794940083165
-0.261794984560325
-0.261795028592713
-0.261795072184778
-0.261795115340921
-0.261795158065504
-0.26179520036284
-0.261795242237203
-0.261795283692823
-0.261795324733886
-0.261795365364539
-0.261795405588885
-0.261795445410987
-0.261795484834869
-0.261795523864512
-0.261795562503858
-0.261795600756811
-0.261795638627234
-0.261795676118954
-0.261795713235756
-0.261795749981389
-0.261795786359567
-0.261795822373963
-0.261795858028215
-0.261795893325924
-0.261795928270656
-0.261795962865941
-0.261795997115273
-0.261796031022112
-0.261796064589882
-0.261796097821975
-0.261796130721747
-0.261796163292521
-0.261796195537587
-0.261796227460203
-0.261796259063592
-0.261796290350948
-0.26179632132543
-0.261796351990167
-0.261796382348257
-0.261796412402766
-0.26179644215673
-0.261796471613154
-0.261796500775014
-0.261796529645255
-0.261796558226794
-0.261796586522518
-0.261796614535284
-0.261796642267923
-0.261796669723235
-0.261796696903994
-0.261796723812946
-0.261796750452808
-0.261796776826271
-0.261796802936
-0.261796828784631
-0.261796854374777
-0.26179687970902
-0.261796904789922
-0.261796929620014
-0.261796954201805
-0.261796978537779
-0.261797002630392
-0.26179702648208
-0.261797050095251
-0.26179707347229
-0.261797096615558
-0.261797119527394
-0.261797142210112
-0.261797164666002
-0.261797186897334
-0.261797208906352
-0.26179723069528
-0.261797252266318
-0.261797273621647
-0.261797294763422
-0.261797315693779
-0.261797336414833
-0.261797356928676
-0.261797377237381
-0.261797397342998
-0.26179741724756
-0.261797436953076
-0.261797456461536
-0.261797475774913
-0.261797494895155
-0.261797513824195
-0.261797532563944
-0.261797551116296
-0.261797569483125
-0.261797587666285
-0.261797605667614
-0.261797623488929
-0.261797641132031
-0.261797658598703
-0.261797675890707
-0.261797693009792
-0.261797709957685
-0.2617977267361
-0.26179774334673
-0.261797759791254
-0.261797776071333
-0.261797792188612
-0.261797808144717
-0.261797823941261
-0.26179783957984
-0.261797855062033
-0.261797870389404
-0.261797885563502
-0.261797900585858
-0.261797915457991
-0.261797930181403
-0.26179794475758
-0.261797959187996
-0.261797973474108
-0.261797987617358
-0.261798001619176
-0.261798015480976
-0.261798029204157
-0.261798042790107
-0.261798056240198
-0.261798069555787
-0.261798082738221
-0.26179809578883
-0.261798108708933
-0.261798121499836
-0.261798134162829
-0.261798146699192
-0.261798159110191
-0.261798171397081
-0.261798183561102
-0.261798195603482
-0.261798207525439
-0.261798219328176
-0.261798231012886
-0.261798242580748
-0.261798254032932
-0.261798265370595
-0.26179827659488
-0.261798287706923
-0.261798298707845
-0.261798309598758
-0.261798320380762
-0.261798331054946
-0.261798341622388
-0.261798352084156
-0.261798362441305
-0.261798372694884
-0.261798382845927
-0.261798392895459
-0.261798402844496
-0.261798412694042
-0.261798422445093
-0.261798432098634
-0.261798441655639
-0.261798451117074
-0.261798460483895
-0.261798469757047
-0.261798478937468
-0.261798488026085
-0.261798497023816
-0.261798505931569
-0.261798514750245
-0.261798523480734
-0.261798532123918
-0.261798540680671
-0.261798549151855
-0.261798557538328
-0.261798565840936
-0.261798574060519
-0.261798582197905
-0.261798590253917
-0.26179859822937
-0.261798606125067
-0.261798613941808
-0.261798621680382
-0.261798629341569
-0.261798636926145
-0.261798644434875
-0.261798651868518
-0.261798659227824
-0.261798666513538
-0.261798673726394
-0.261798680867121
-0.261798687936441
-0.261798694935069
-0.261798701863709
-0.261798708723064
-0.261798715513825
-0.261798722236678
-0.261798728892303
-0.261798735481371
-0.261798742004549
-0.261798748462495
-0.261798754855861
-0.261798761185294
-0.261798767451433
-0.26179877365491
-0.261798779796352
-0.26179878587638
-0.261798791895608
-0.261798797854643
-0.261798803754089
-0.261798809594539
-0.261798815376585
-0.261798821100811
-0.261798826767794
-0.261798832378108
-0.261798837932318
-0.261798843430987
-0.261798848874668
-0.261798854263913
-0.261798859599265
-0.261798864881264
-0.261798870110443
-0.26179887528733
-0.261798880412448
-0.261798885486315
-0.261798890509444
-0.261798895482341
-0.261798900405509
-0.261798905279445
-0.261798910104642
-0.261798914881587
-0.261798919610763
-0.261798924292647
-0.261798928927712
-0.261798933516426
-0.261798938059253
-0.261798942556652
-0.261798947009077
-0.261798951416978
-0.2617989557808
-0.261798960100983
-0.261798964377965
-0.261798968612177
-0.261798972804047
-0.261798976953998
-0.261798981062449
-0.261798985129816
-0.261798989156509
-0.261798993142936
-0.261798997089498
-0.261799000996595
-0.26179900486462
-0.261799008693965
-0.261799012485017
-0.261799016238159
-0.261799019953768
-0.261799023632222
-0.261799027273892
-0.261799030879144
-0.261799034448344
-0.261799037981852
-0.261799041480025
-0.261799044943216
-0.261799048371776
-0.26179905176605
-0.261799055126381
-0.261799058453108
-0.261799061746569
-0.261799065007094
-0.261799068235015
-0.261799071430656
-0.261799074594341
-0.261799077726389
-0.261799080827117
-0.261799083896837
-0.26179908693586
-0.261799089944493
-0.26179909292304
-0.261799095871801
-0.261799098791074
-0.261799101681155
-0.261799104542335
-0.261799107374903
-0.261799110179146
-0.261799112955346
-0.261799115703784
-0.261799118424737
-0.261799121118482
-0.261799123785288
-0.261799126425427
-0.261799129039164
-0.261799131626764
-0.261799134188488
-0.261799136724594
-0.26179913923534
-0.261799141720978
-0.26179914418176
-0.261799146617934
-0.261799149029746
-0.26179915141744
-0.261799153781257
-0.261799156121436
-0.261799158438213
-0.261799160731822
-0.261799163002496
-0.261799165250462
-0.261799167475949
-0.261799169679181
-0.261799171860381
-0.261799174019768
-0.261799176157562
-0.261799178273978
-0.26179918036923
-0.261799182443529
-0.261799184497085
-0.261799186530106
-0.261799188542796
-0.26179919053536
-0.261799192507998
-0.261799194460909
-0.261799196394292
-0.26179919830834
-0.261799200203248
-0.261799202079207
-0.261799203936407
-0.261799205775034
-0.261799207595275
-0.261799209397314
-0.261799211181332
-0.261799212947511
-0.261799214696027
-0.261799216427058
-0.261799218140779
-0.261799219837363
-0.261799221516981
-0.261799223179802
-0.261799224825996
-0.261799226455727
-0.261799228069161
-0.261799229666461
-0.261799231247788
-0.261799232813302
-0.26179923436316
-0.26179923589752
-0.261799237416537
-0.261799238920363
-0.261799240409151
-0.261799241883051
-0.261799243342211
-0.261799244786781
-0.261799246216905
-0.261799247632727
-0.261799249034391
-0.261799250422039
-0.26179925179581
-0.261799253155843
-0.261799254502276
-0.261799255835245
-0.261799257154884
-0.261799258461327
-0.261799259754705
-0.261799261035149
-0.261799262302789
-0.261799263557753
-0.261799264800167
-0.261799266030157
-0.261799267247847
-0.26179926845336
-0.261799269646818
-0.261799270828341
-0.261799271998049
-0.26179927315606
-0.261799274302491
-0.261799275437458
-0.261799276561075
-0.261799277673455
-0.261799278774712
-0.261799279864957
-0.261799280944299
-0.261799282012847
-0.26179928307071
-0.261799284117994
-0.261799285154806
-0.261799286181249
-0.261799287197428
-0.261799288203446
-0.261799289199403
-0.2617992901854
-0.261799291161538
-0.261799292127914
-0.261799293084626
-0.261799294031771
-0.261799294969445
-0.261799295897742
-0.261799296816756
-0.26179929772658
-0.261799298627306
-0.261799299519024
-0.261799300401826
-0.261799301275799
-0.261799302141032
-0.261799302997613
-0.261799303845629
-0.261799304685164
-0.261799305516304
-0.261799306339132
-0.261799307153732
-0.261799307960187
-0.261799308758576
-0.261799309548982
-0.261799310331484
-0.26179931110616
-0.26179931187309
-0.261799312632351
-0.261799313384019
-0.26179931412817
-0.26179931486488
-0.261799315594223
-0.261799316316272
-0.261799317031101
-0.261799317738781
-0.261799318439385
-0.261799319132982
-0.261799319819644
-0.261799320499439
-0.261799321172436
-0.261799321838703
-0.261799322498308
-0.261799323151316
-0.261799323797795
-0.261799324437808
-0.261799325071422
-0.261799325698699
-0.261799326319703
-0.261799326934498
-0.261799327543144
-0.261799328145704
-0.261799328742239
-0.261799329332808
-0.261799329917471
-0.261799330496288
-0.261799331069317
-0.261799331636615
-0.26179933219824
-0.261799332754249
-0.261799333304698
-0.261799333849643
-0.261799334389138
-0.261799334923238
-0.261799335451997
-0.261799335975469
-0.261799336493706
-0.26179933700676
-0.261799337514684
-0.261799338017529
-0.261799338515345
-0.261799339008183
-0.261799339496093
-0.261799339979123
-0.261799340457323
-0.261799340930742
-0.261799341399426
-0.261799341863423
-0.26179934232278
-0.261799342777544
-0.26179934322776
-0.261799343673474
-0.261799344114731
-0.261799344551575
-0.261799344984051
-0.261799345412202
-0.261799345836071
-0.261799346255702
-0.261799346671136
-0.261799347082416
-0.261799347489584
-0.261799347892679
-0.261799348291744
-0.261799348686818
-0.261799349077942
-0.261799349465154
-0.261799349848494
-0.261799350228
-0.261799350603712
-0.261799350975666
-0.261799351343901
-0.261799351708453
-0.26179935206936
-0.261799352426658
-0.261799352780383
-0.261799353130571
-0.261799353477257
-0.261799353820475
-0.261799354160262
-0.261799354496651
-0.261799354829676
-0.261799355159371
-0.261799355485769
-0.261799355808902
-0.261799356128805
-0.261799356445508
-0.261799356759045
-0.261799357069446
-0.261799357376743
-0.261799357680967
-0.261799357982149
-0.261799358280319
-0.261799358575507
-0.261799358867743
-0.261799359157057
-0.261799359443478
-0.261799359727035
-0.261799360007756
-0.26179936028567
-0.261799360560805
-0.261799360833188
-0.261799361102848
-0.261799361369811
-0.261799361634104
-0.261799361895755
-0.261799362154789
-0.261799362411232
-0.261799362665111
-0.261799362916452
-0.261799363165279
-0.261799363411618
-0.261799363655493
-0.261799363896929
-0.261799364135952
-0.261799364372584
-0.261799364606849
-0.261799364838772
-0.261799365068376
-0.261799365295684
-0.261799365520718
-0.261799365743503
-0.261799365964059
-0.26179936618241
-0.261799366398577
-0.261799366612583
-0.261799366824449
-0.261799367034196
-0.261799367241845
-0.261799367447418
-0.261799367650936
-0.261799367852418
-0.261799368051885
-0.261799368249358
-0.261799368444856
-0.261799368638399
-0.261799368830006
-0.261799369019698
-0.261799369207492
-0.261799369393409
-0.261799369577466
-0.261799369759683
-0.261799369940078
-0.261799370118668
-0.261799370295473
-0.26179937047051
-0.261799370643796
-0.26179937081535
-0.261799370985188
-0.261799371153327
-0.261799371319786
-0.261799371484579
-0.261799371647725
-0.261799371809239
-0.261799371969138
-0.261799372127438
-0.261799372284156
-0.261799372439306
-0.261799372592904
-0.261799372744966
-0.261799372895508
-0.261799373044545
-0.261799373192091
-0.261794137350405
-0.261783717879381
-0.261768166615311
-0.261747534876125
-0.261721873466575
-0.261691232683365
-0.261655662320231
-0.261615211672972
-0.26156992954443
-0.261519864249418
-0.261465063619599
-0.261405575008323
-0.261341445295403
-0.261272720891857
-0.26119944774459
-0.26112167134104
-0.26103943671377
-0.260952788445016
-0.260861770671193
-0.260766427087353
-0.260666800951596
-0.260562935089439
-0.260454871898149
-0.260342653351015
-0.260226321001597
-0.260105915987917
-0.259981479036618
-0.259853050467076
-0.259720670195473
-0.25958437773883
-0.259444212218998
-0.259300212366608
-0.259152416524986
-0.259000862654024
-0.258845588334016
-0.258686630769452
-0.258524026792778
-0.258357812868114
-0.258188025094941
-0.258014699211744
-0.257837870599622
-0.257657574285866
-0.257473844947492
-0.257286716914745
-0.25709622417457
-0.256902400374041
-0.256705278823761
-0.256504892501227
-0.256301274054163
-0.256094455803814
-0.255884469748212
-0.255671347565411
-0.255455120616681
-0.255235819949682
-0.255013476301598
-0.254788120102239
-0.254559781477117
-0.25432849025049
-0.254094275948374
-0.253857167801522
-0.253617194748384
-0.25337438543802
-0.253128768233005
-0.252880371212283
-0.252629222174013
-0.252375348638369
-0.252118777850326
-0.251859536782408
-0.251597652137412
-0.251333150351111
-0.251066057594917
-0.250796399778528
-0.250524202552548
-0.250249491311071
-0.249972291194253
-0.249692627090847
-0.24941052364072
-0.249126005237337
-0.248839096030233
-0.248549819927443
-0.248258200597926
-0.247964261473947
-0.247668025753453
-0.247369516402407
-0.247068756157116
-0.246765767526522
-0.246460572794477
-0.246153194021998
-0.245843653049487
-0.245531971498945
-0.245218170776152
-0.244902272072832
-0.244584296368789
-0.24426426443403
-0.243942196830863
-0.243618113915971
-0.243292035842473
-0.242963982561953
-0.242633973826483
-0.242302029190611
-0.241968168013342
-0.24163240946009
-0.241294772504614
-0.240955275930938
-0.240613938335241
-0.240270778127746
-0.23992581353457
-0.23957906259957
-0.239230543186163
-0.238880272979135
-0.238528269486421
-0.238174550040878
-0.237819131802035
-0.237462031757824
-0.237103266726299
-0.236742853357334
-0.236380808134302
-0.236017147375744
-0.235651887237016
-0.23528504371192
-0.234916632634318
-0.234546669679737
-0.234175170366945
-0.233802150059525
-0.233427623967423
-0.233051607148487
-0.232674114509984
-0.232295160810109
-0.231914760659478
-0.231532928522597
-0.231149678719329
-0.230765025426337
-0.230378982678519
-0.229991564370424
-0.229602784257654
-0.229212655958255
-0.228821192954094
-0.228428408592219
-0.228034316086207
-0.227638928517498
-0.227242258836721
-0.226844319864996
-0.226445124295232
-0.22604468469341
-0.225643013499849
-0.225240123030469
-0.224836025478026
-0.224430732913352
-0.224024257286569
-0.223616610428297
-0.223207804050852
-0.222797849749426
-0.222386759003257
-0.221974543176795
-0.221561213520841
-0.221146781173691
-0.220731257162256
-0.22031465240318
-0.219896977703938
-0.219478243763933
-0.219058461175572
-0.218637640425338
-0.218215791894851
-0.217792925861913
-0.217369052501548
-0.216944181887031
-0.216518323990903
-0.21609148868598
-0.215663685746351
-0.215234924848362
-0.214805215571597
-0.214374567399843
-0.213942989722051
-0.213510491833281
-0.213077082935643
-0.212642772139225
-0.212207568463015
-0.211771480835811
-0.211334518097124
-0.210896688998067
-0.210458002202245
-0.210018466286625
-0.209578089742406
-0.209136880975872
-0.208694848309248
-0.208251999981534
-0.207808344149342
-0.207363888887715
-0.206918642190948
-0.206472611973394
-0.206025806070258
-0.205578232238399
-0.205129898157101
-0.204680811428861
-0.204230979580147
-0.203780410062165
-0.203329110251606
-0.202877087451397
-0.202424348891434
-0.201970901729314
-0.20151675305106
-0.201061909871832
-0.200606379136641
-0.200150167721046
-0.19969328243185
-0.199235730007791
-0.198777517120216
-0.198318650373761
-0.197859136307014
-0.197398981393179
-0.196938192040726
-0.196476774594042
-0.196014735334069
-0.195552080478939
-0.195088816184605
-0.194624948545458
-0.194160483594947
-0.193695427306184
-0.193229785592554
-0.192763564308303
-0.19229676924914
-0.191829406152812
-0.191361480699691
-0.190892998513345
-0.190423965161107
-0.189954386154635
-0.189484266950472
-0.189013612950595
-0.18854242950296
-0.188070721902046
-0.187598495389385
-0.187125755154095
-0.186652506333401
-0.186178754013159
-0.185704503228363
-0.185229758963658
-0.184754526153845
-0.184278809684374
-0.183802614391842
-0.183325945064479
-0.182848806442634
-0.182371203219252
-0.181893140040347
-0.181414621505475
-0.180935652168196
-0.180456236536534
-0.179976379073432
-0.179496084197205
-0.179015356281985
-0.178534199658161
-0.178052618612819
-0.177570617390175
-0.177088200192001
-0.176605371178052
-0.176122134466488
-0.175638494134283
-0.175154454217644
-0.174670018712415
-0.174185191574483
-0.173699976720174
-0.173214378026652
-0.17272839933231
-0.172242044437155
-0.171755317103195
-0.171268221054819
-0.170780759979171
-0.170292937526523
-0.169804757310646
-0.169316222909172
-0.168827337863956
-0.168338105681436
-0.167848529832986
-0.167358613755265
-0.166868360850564
-0.166377774487155
-0.165886857999623
-0.165395614689211
-0.164904047824147
-0.164412160639978
-0.163919956339895
-0.163427438095056
-0.16293460904491
-0.162441472297509
-0.161948030929826
-0.161454287988064
-0.160960246487964
-0.160465909415109
-0.159971279725226
-0.159476360344486
-0.158981154169798
-0.1584856640691
-0.157989892881654
-0.157493843418325
-0.156997518461875
-0.156500920767232
-0.156004053061781
-0.155506918045627
-0.15500951839188
-0.154511856746914
-0.154013935730641
-0.153515757936775
-0.153017325933092
-0.15251864226169
-0.152019709439246
-0.15152052995727
-0.151021106282358
-0.150521440856439
-0.150021536097023
-0.149521394397446
-0.149021018127108
-0.148520409631718
-0.148019571233525
-0.147518505231559
-0.147017213901856
-0.146515699497694
-0.146013964249818
-0.145512010366665
-0.145009840034587
-0.144507455418074
-0.144004858659971
-0.143502051881692
-0.14299903718344
-0.142495816644414
-0.141992392323023
-0.14148876625709
-0.14098494046406
-0.140480916941205
-0.139976697665822
-0.139472284595437
-0.138967679667999
-0.13846288480208
-0.137957901897065
-0.137452732833343
-0.136947379472503
-0.136441843657515
-0.135936127212921
-0.135430231945017
-0.134924159642036
-0.134417912074329
-0.133911490994543
-0.133404898137799
-0.132898135221866
-0.132391203947337
-0.131884105997797
-0.131376843039996
-0.130869416724018
-0.130361828683443
-0.129854080535518
-0.129346173881316
-0.128838110305901
-0.128329891378483
-0.127821518652584
-0.127312993666187
-0.126804317941899
-0.126295492987098
-0.125786520294088
-0.125277401340253
-0.1247681375882
-0.124258730485911
-0.12374918146689
-0.123239491950303
-0.122729663341125
-0.122219697030284
-0.121709594394795
-0.121199356797904
-0.120688985589227
-0.12017848210488
-0.119667847667621
-0.119157083586979
-0.118646191159387
-0.118135171668315
-0.117624026384398
-0.117112756565563
-0.116601363457162
-0.116089848292088
-0.115578212290909
-0.115066456661986
-0.114554582601596
-0.114042591294054
-0.113530483911831
-0.113018261615675
-0.112505925554724
-0.111993476866627
-0.111480916677655
-0.110968246102816
-0.11045546624597
-0.109942578199936
-0.109429583046607
-0.108916481857055
-0.108403275691643
-0.107889965600128
-0.107376552621773
-0.106863037785446
-0.106349422109726
-0.105835706603007
-0.105321892263599
-0.104807980079829
-0.104293971030141
-0.103779866083194
-0.10326566619796
-0.102751372323823
-0.102236985400671
-0.101722506358995
-0.101207936119979
-0.100693275595598
-0.100178525688704
-0.0996636872931234
-0.0991487612937426
-0.0986337485665996
-0.0981186499789721
-0.0976034663894649
-0.0970881986480967
-0.0965728475963863
-0.096057414067437
-0.0955418988860211
-0.0950263028686635
-0.0945106268237235
-0.0939948715514768
-0.0934790378441967
-0.0929631264862334
-0.0924471382540937
-0.0919310739165194
-0.0914149342345649
-0.090898719961674
-0.0903824318437559
-0.0898660706192611
-0.0893496370192553
-0.0888331317674935
-0.0883165555804934
-0.0877999091676072
-0.087283193231094
-0.0867664084661899
-0.0862495555611789
-0.0857326351974619
-0.0852156480496262
-0.0846985947855129
-0.0841814760662847
-0.0836642925464928
-0.0831470448741428
-0.0826297336907603
-0.0821123596314557
-0.0815949233249882
-0.0810774253938293
-0.0805598664542261
-0.0800422471162629
-0.0795245679839233
-0.0790068296551512
-0.0784890327219108
-0.0779711777702468
-0.0774532653803435
-0.0769352961265833
-0.0764172705776046
-0.0758991892963598
-0.0753810528401714
-0.0748628617607889
-0.0743446166044443
-0.0738263179119071
-0.0733079662185393
-0.0727895620543492
-0.072271105944045
-0.0717525984070879
-0.0712340399577444
-0.0707154311051383
-0.0701967723533023
-0.0696780642012287
-0.0691593071429199
-0.0686405016674381
-0.0681216482589552
-0.0676027473968011
-0.0670837995555126
-0.066564805204881
-0.0660457648099997
-0.0655266788313112
-0.0650075477246536
-0.0644883719413067
-0.0639691519280372
-0.0634498881271444
-0.0629305809765046
-0.0624112309096152
-0.0618918383556387
-0.061372403739446
-0.0608529274816592
-0.0603334099986944
-0.0598138517028031
-0.0592942530021148
-0.0587746143006775
-0.0582549359984985
-0.0577352184915853
-0.0572154621719852
-0.0566956674278252
-0.0561758346433508
-0.0556559641989652
-0.0551360564712674
-0.0546161118330906
-0.0540961306535396
-0.0535761132980282
-0.0530560601283158
-0.0525359715025446
-0.0520158477752752
-0.0514956892975224
-0.0509807324045472
-0.0504709250805017
-0.0499662158296967
-0.0494665536713997
-0.0489718881346857
-0.0484821692533389
-0.0479973475608055
-0.0475173740851974
-0.0470422003443455
-0.046571778340902
-0.046106060557493
-0.0456449999519181
-0.0451885499523989
-0.0447366644528749
-0.0442892978083462
-0.0438464048302627
-0.0434079407819601
-0.0429738613741405
-0.0425441227603991
-0.0421186815327951
-0.0416974947174671
-0.0412805197702924
-0.0408677145725895
-0.0404590374268636
-0.040054447052595
-0.039653902582069
-0.0392573635562483
-0.0388647899206859
-0.038476142021479
-0.0380913806012642
-0.0377104667952516
-0.0373333621272991
-0.0369600285060261
-0.0365904282209658
-0.0362245239387561
-0.0358622786993686
-0.0355036559123749
-0.0351486193532511
-0.0347971331597186
-0.0344491618281214
-0.0341046702098402
-0.0337636235077418
-0.0334259872726644
-0.0330917273999378
-0.0327608101259384
-0.032433202024679
-0.0321088700044322
-0.0317877813043879
-0.031469903491344
-0.0311552044564306
-0.0308436524118663
-0.0305352158877476
-0.0302298637288701
-0.0299275650915814
-0.0296282894406656
-0.029332006546259
-0.0290386864807964
-0.0287482996159884
-0.0284608166198285
-0.0281762084536302
-0.0278944463690939
-0.027615501905403
-0.027339346886349
-0.0270659534174855
-0.0267952938833106
-0.0265273409444775
-0.0262620675350327
-0.0259994468596824
-0.0257394523910856
-0.0254820578671747
-0.025227237288503
-0.0249749649156179
-0.0247252152664618
-0.0244779631137971
-0.0242331834826592
-0.0239908516478326
-0.0237509431313543
-0.0235134337000407
-0.0232782993630403
-0.0230455163694099
-0.0228150612057158
-0.0225869105936586
-0.0223610414877221
-0.0221374310728448
-0.0219160567621164
-0.0216968961944952
-0.0214799272325503
-0.0212651279602248
-0.0210524766806225
-0.0208419519138163
-0.0206335323946781
-0.0204271970707314
-0.020222925100024
-0.0200206958490238
-0.0198204888905336
-0.0196222840016282
-0.0194260611616119
-0.0192318005499958
-0.0190394825444959
-0.0188490877190509
-0.0186605968418604
-0.0184739908734418
-0.0182892509647074
-0.0181063584550603
-0.0179252948705097
-0.0177460419218046
-0.0175685815025866
-0.0173928956875607
-0.0172189667306851
-0.0170467770633782
-0.0168763092927444
-0.016707546199817
-0.0165404707378188
-0.0163750660304406
-0.0162113153701362
-0.0160492022164349
-0.0158887101942705
-0.0157298230923278
-0.0155725248614045
-0.0154167996127905
-0.0152626316166626
-0.015110005300496
-0.014958905247491
-0.0148093161950161
-0.0146612230330659
-0.0145146108027353
-0.0143694646947079
-0.0142257700477608
-0.0140835123472832
-0.0139426772238104
-0.0138032504515723
-0.0136652179470566
-0.013528565767586
-0.0133932801099102
-0.0132593473088111
-0.0131267538357229
-0.0129954862973657
-0.0128655314343921
-0.0127368761200481
-0.0126095073588476
-0.0124834122852592
-0.0123585781624066
-0.0122349923807825
-0.0121126424569747
-0.0119915160324049
-0.0118716008720809
-0.0117528848633601
-0.0116353560147265
-0.0115190024545792
-0.0114038124300334
-0.0112897743057331
-0.0111768765626758
-0.011065107797049
-0.0109544567190785
-0.0108449121518877
-0.0107364630303689
-0.0106290984000652
-0.0105228074160645
-0.0104175793419039
-0.0103134035484848
-0.010210269513
-0.01010816681787
-0.0100070851496913
-0.00990701429819436
-0.00980794415521242
-0.0097098647136603
-0.00961276606652369
-0.00951663840585846
-0.00942147202179987
-0.00932725730158187
-0.00923398472856605
-0.00914164488128039
-0.00905022843246759
-0.00895972614814291
-0.00887012888666149
-0.00878142759779487
-0.00869361332181692
-0.00860667718859875
-0.00852061041671276
-0.00843540431254564
-0.00835105026942018
-0.00826753976672598
-0.00818486436905872
-0.00810301572536813
-0.00802198556811445
-0.0079417657124333
-0.00786234805530897
-0.00778372457475588
-0.00770588732900832
-0.00762882845571824
-0.00755254017116106
-0.00747701476944945
-0.00740224462175495
-0.0073282221755374
-0.00725493995378203
-0.00718239055424421
-0.00711056664870177
-0.00703946098221475
-0.0069690663723926
-0.00689937570866867
-0.00683038195158199
-0.00676207813206617
-0.00669445735074551
-0.00662751277723805
-0.00656123764946567
-0.00649562527297101
-0.00643066902024131
-0.00636636233003889
-0.0063026987067385
-0.00623967171967112
-0.00617727500247441
-0.00611550225244966
-0.00605434722992517
-0.00599380375762591
-0.00593386572004966
-0.00587452706284916
-0.00581578179222067
-0.00575762397429846
-0.00570004773455547
-0.00564304725720992
-0.00558661678463782
-0.00553075061679144
-0.00547544311062353
-0.00542068867951729
-0.00536648179272212
-0.0053128169747949
-0.00525968880504695
-0.00520709191699648
-0.00515502099782651
-0.00510347078784825
-0.00505243607996977
-0.00500191171917007
-0.00495189260197837
-0.00490237367595859
-0.004853349939199
-0.00480481643980701
-0.00475676827540894
-0.00470920059265485
-0.0046621085867283
-0.00461548750086102
-0.00456933262585241
-0.00452363929959389
-0.00447840290659795
-0.00443361887753197
-0.00438928268875665
-0.00434538986186908
-0.00430193596325039
-0.00425891660361789
-0.00421632743758171
-0.00417416416320589
-0.00413242252157383
-0.00409109829635809
-0.00405018731339451
-0.00400968544026057
-0.00396958858585796
-0.00392989269999938
-0.00389059377299939
-0.00385168783526939
-0.0038131709569167
-0.00377503924734753
-0.00373728885487406
-0.00369991596632532
-0.00366291680666206
-0.00362628763859544
-0.00359002476220949
-0.00355412451458739
-0.00351858326944152
-0.00348339743674711
-0.00344856346237963
-0.00341407782775584
-0.00337993704947828
-0.0033461376789835
-0.00331267630219366
-0.00327954953917173
-0.00324675404378001
-0.00321428650334221
-0.00318214363830879
-0.0031503222019257
-0.00311881897990644
-0.00308763079010738
-0.0030567544822063
-0.00302618693738424
-0.0029959250680104
-0.00296596581733029
-0.00293630615915699
-0.00290694309756542
-0.00287787366658977
-0.00284909492992387
-0.00282060398062463
-0.00279239794081838
-0.0027644739614102
-0.0027368292217961
-0.00270946092957814
-0.00268236632028236
-0.00265554265707953
-0.00262898723050874
-0.00260269735820365
-0.00257667038462161
-0.0025509036807754
-0.00252539464396764
-0.00250014069752797
-0.00247513929055269
-0.00245038789764716
-0.00242588401867069
-0.00240162517848398
-0.00237760892669914
-0.00235383283743215
-0.00233029450905783
-0.00230699156396725
-0.00228392164832758
-0.0022610824318443
-0.00223847160752586
-0.0022160868914506
-0.00219392602253609
-0.00217198676231073
-0.00215026689468763
-0.00212876422574075
-0.00210747658348334
-0.00208640181764851
-0.00206553779947202
-0.0020448824214773
-0.00202443359726253
-0.00200418926128991
-0.00198414736867701
-0.00196430589499024
-0.00194466283604033
-0.00192521620767993
-0.00190596404560313
-0.0018869044051471
-0.00186803536109563
-0.00184935500748467
-0.00183086145740983
-0.00181255284283573
-0.00179442731440737
-0.0017764830412633
-0.00175871821085066
-0.00174113102874216
-0.00172371971845474
-0.00170648252127019
-0.00168941769605749
-0.00167252351909691
-0.00165579828390594
-0.00163924030106688
-0.00162284789805621
-0.00160661941907565
-0.0015905532248849
-0.00157464769263605
-0.00155890121570969
-0.00154331220355259
-0.00152787908151706
-0.00151260029070189
-0.00149747428779487
-0.00148249954491692
-0.00146767454946776
-0.00145299780397308
-0.00143846782593335
-0.00142408314767401
-0.00140984231619727
-0.0013957438930353
-0.00138178645410495
-0.0013679685895639
-0.00135428890366826
-0.00134074601463158
-0.00132733855448526
-0.00131406516894041
-0.001300924517251
-0.00128791527207849
-0.00127503611935771
-0.00126228575816413
-0.00124966290058249
-0.00123716627157667
-0.0012247946088609
-0.00121254666277229
-0.00120042119614457
-0.00118841698418312
-0.00117653281434129
-0.00116476748619788
-0.0011531198113359
-0.00114158861322254
-0.00113017272709031
-0.00111887099981941
-0.00110768228982122
-0.001096605466923
-0.00108563941225377
-0.00107478301813124
-0.00106403518794992
-0.00105339483607042
-0.00104286088770972
-0.00103243227883262
-0.0010221079560443
-0.00101188687648385
-0.00100176800771902
-0.000991750327641826
-0.000981832824365407
-0.000972014496121753
-0.000962294351160536
-0.00095267140764893
-0.000943144693572441
-0.000933713246636717
-0.00092437611417035
-0.000915132353028646
-0.00090598102949836
-0.000896921219203376
-0.000887952007011342
-0.000879072486941229
-0.000870281762071817
-0.000861578944451098
-0.000852963155006587
-0.000844433523456522
-0.000835989188221956
-0.000827629296339737
-0.000819353003376339
-0.000811159473342576
-0.00080304787860915
-0.000795017399823059
-0.000787067225824828
-0.00077919655356658
-0.000771404588030914
-0.000763690542150605
-0.000756053636729099
-0.000748493100361808
-0.00074100816935819
-0.000733598087664608
-0.000726262106787962
-0.000718999485720082
-0.000711809490862881
-0.000704691395954252
-0.00069764448199471
-0.000690668037174763
-0.000683761356803015
-0.000676923743234985
-0.000670154505802635
-0.000663452960744609
-0.000656818431137163
-0.000650250246825791
-0.000643747744357533
-0.000637310266913958
-0.000630937164244818
-0.00062462779260237
-0.000618381514676346
-0.000612197699529583
-0.000606075722534287
-0.000600014965308944
-0.000594014815655855
-0.000588074667499296
-0.000582193920824303
-0.00057637198161606
-0.0005706082617999
-0.000564902179181901
-0.000559253157390082
-0.000553660625816181
-0.000548124019558019
-0.000542642779362439
-0.000537216351568815
-0.000531844188053126
-0.000526525746172595
-0.000521260488710869
-0.00051604788382376
-0.000510887404985523
-0.000505778530935668
-0.000500720745626311
-0.000495713538170048
-0.000490756402788347
-0.000485848838760464
-0.000480990350372859
-0.000476180446869131
-0.000471418642400439
-0.000466704455976435
-0.000462037411416671
-0.000457417037302504
-0.000452842866929479
-0.000448314438260184
-0.000443831293877582
-0.000439392980938806
-0.000434999051129418
-0.000430649060618124
-0.000426342570011943
-0.000422079144311824
-0.000417858352868705
-0.000413679769340018
-0.000409542971646618
-0.000405447541930152
-0.00040139306651085
-0.000397379135845742
-0.000393405344487284
-0.000389471291042412
-0.000385576578131987
-0.000381720812350668
-0.000377903604227161
-0.000374124568184889
-0.00037038332250304
-0.00036667948927801
-0.00036301269438523
-0.000359382567441378
-0.000355788741766964
-0.000352230854349294
-0.000348708545805801
-0.000345221460347743
-0.000341769245744266
-0.000338351553286823
-0.000334968037753955
-0.000331618357376415
-0.000328302173802651
-0.000325019152064625
-0.000321768960543978
-0.000318551270938539
-0.000315365758229153
-0.000312212100646862
-0.000309089979640393
-0.000305999079843989
-0.000302939089045549
-0.000299909698155094
-0.000296910601173543
-0.000293941495161807
-0.000291002080210189
-0.000288092059408087
-0.000285211138814006
-0.000282359027425866
-0.000279535437151608
-0.000276740082780092
-0.000273972681952291
-0.000271232955132768
-0.00026852062558144
-0.000265835419325626
-0.00026317706513237
-0.000260545294481046
-0.000257939841536235
-0.000255360443120873
-0.000252806838689664
-0.000250278770302768
-0.00024777598259974
-0.000245298222773743
-0.000242845240546005
-0.000240416788140545
-0.00023801262025914
-0.000235632494056548
-0.000233276169115983
-0.000230943407424823
-0.000228633973350575
-0.000226347633617069
-0.000224084157280898
-0.000221843315708089
-0.000219624882551008
-0.000217428633725498
-0.000215254347388243
-0.000213101803914361
-0.000210970785875217
-0.000208861078016465
-0.0002067724672363
-0.000204704742563937
-0.000202657695138298
-0.000200631118186915
-0.000198624807005046
-0.000196638558934996
-0.000194672173345646
-0.000192725451612189
-0.000190798197096067
-0.000188890215125107
-0.000187001312973855
-0.000185131299844117
-0.000183279986845676
-0.000181447186977219
-0.000179632715107447
-0.000177836387956372
-0.000176058024076809
-0.000174297443836041
-0.00017255446939768
-0.000170828924703703
-0.000169120635456666
-0.0001674294291021
-0.000165755134811079
-0.000164097583462968
-0.000162456607628338
-0.000160832041552055
-0.000159223721136534
-0.000157631483925169
-0.000156055169085917
-0.000154494617395058
-0.000152949671221108
-0.000151420174508896
-0.000149905972763807
-0.000148406913036169
-0.000146922843905808
-0.00014545361546675
-0.000143999079312082
-0.000142559088518961
-0.000141133497633772
-0.000139722162657434
-0.00013832494103086
-0.000136941691620551
-0.000135572274704345
-0.000134216551957302
-0.000132874386437729
-0.000131545642573352
-0.000130230186147618
-0.000128927884286142
-0.000127638605443281
-0.000126362219388848
-0.000125098597194959
-0.00012384761122301
-0.00012260913511078
-0.000121383043759672
-0.000120169213322075
-0.000118967521188854
-0.000117777845976966
-0.000116600067517196
-0.000115434066842024
-0.000114279726173604
-0.000113136928911868
-0.000112005559622749
-0.000110885504026522
-0.000109776648986257
-0.000108678882496394
-0.00010759209367143
-0.000106516172734716
-0.000105451011007369
-0.000104396500897295
-0.000103352535888322
-0.000102319010529439
-0.000101295820424144
-0.000100282862219903
-9.92800335977039e-05
-9.82872332617268e-05
-9.73043609291096e-05
-9.63313173198185e-05
-9.53680041466203e-05
-9.44143241051541e-05
-9.34701808641025e-05
-9.25354790554615e-05
-9.16101242649069e-05
-9.06940230222578e-05
-8.97870827920353e-05
-8.88892119641149e-05
-8.80003198444738e-05
-8.7120316646029e-05
-8.62491134795687e-05
-8.5386622344773e-05
-8.45327561213253e-05
-8.36874285601121e-05
-8.28505542745109e-05
-8.20220487317658e-05
-8.12018282444482e-05
-8.03898099620037e-05
-7.95859118623836e-05
-7.87900527437598e-05
-7.80021522163222e-05
-7.7222130694159e-05
-7.64499093872174e-05
-7.56854102933452e-05
-7.49285561904118e-05
-7.41792706285076e-05
-7.34374779222226e-05
-7.27031031430003e-05
-7.19760721115703e-05
-7.12563113904546e-05
-7.05437482765501e-05
-6.98383107937846e-05
-6.91399276858467e-05
-6.84485284089883e-05
-6.77640431248984e-05
-6.70864026936494e-05
-6.64155386667129e-05
-6.57513832800458e-05
-6.50938694472453e-05
-6.44429307527729e-05
-6.37985014452451e-05
-6.31605164307927e-05
-6.25289112664848e-05
-6.19036221538199e-05
-6.12845859322817e-05
-6.06717400729589e-05
-6.00650226722293e-05
-5.9464372445507e-05
-5.88697287210519e-05
-5.82810314338414e-05
-5.7698221119503e-05
-5.7121238908308e-05
-5.65500265192249e-05
-5.59845262540326e-05
-5.54246809914923e-05
-5.48704341815774e-05
-5.43217298397616e-05
-5.3778512541364e-05
-5.32407274159504e-05
-5.27083201417909e-05
-5.2181236940373e-05
-5.16594245709692e-05
-5.11428303252595e-05
-5.06314020220069e-05
-5.01250880017869e-05
-4.9623837121769e-05
-4.91275987505513e-05
-4.86363227630458e-05
-4.81499595354153e-05
-4.76684599400612e-05
-4.71917753406606e-05
-4.6719857587254e-05
-4.62526590113814e-05
-4.57901324212676e-05
-4.53322310970549e-05
-4.48789087860844e-05
-4.44301196982235e-05
-4.39858185012413e-05
-4.35459603162289e-05
-4.31105007130666e-05
-4.26793957059359e-05
-4.22526017488766e-05
-4.18300757313878e-05
-4.14117749740739e-05
-4.09976572243332e-05
-4.05876806520899e-05
-4.0181803845569e-05
-3.97799858071133e-05
-3.93821859490422e-05
-3.89883640895517e-05
-3.85984804486562e-05
-3.82124956441696e-05
-3.7830370687728e-05
-3.74520669808507e-05
-3.70775463110422e-05
-3.67067708479318e-05
-3.63397031394524e-05
-3.59763061080579e-05
-3.56165430469773e-05
-3.52603776165076e-05
-3.49077738403425e-05
-3.45586961019391e-05
-3.42131091409197e-05
-3.38709780495105e-05
-3.35322682690154e-05
-3.31969455863252e-05
-3.2864976130462e-05
-3.25363263691573e-05
-3.22109631054658e-05
-3.18888534744111e-05
-3.1569964939667e-05
-3.12542652902703e-05
-3.09417226373676e-05
-3.06323054109939e-05
-3.0325982356884e-05
-3.00227225333152e-05
-2.9722495307982e-05
-2.94252703549022e-05
-2.91310176513532e-05
-2.88397074748396e-05
-2.85513104000913e-05
-2.82657972960903e-05
-2.79831393231294e-05
-2.77033079298981e-05
-2.74262748505992e-05
-2.71520121020932e-05
-2.68804919810722e-05
-2.66116870612615e-05
-2.63455701906489e-05
-2.60821144887424e-05
-2.5821293343855e-05
-2.55630804104164e-05
-2.53074496063123e-05
-2.50543751102492e-05
-2.48038313591467e-05
-2.45557930455552e-05
-2.43102351150997e-05
-2.40671327639487e-05
-2.38264614363092e-05
-2.35881968219461e-05
-2.33523148537266e-05
-2.31187917051894e-05
-2.28876037881375e-05
-2.26587277502561e-05
-2.24321404727535e-05
-2.2207819068026e-05
-2.19857408773457e-05
-2.17658834685723e-05
-2.15482246338865e-05
-2.13327423875477e-05
-2.11194149636722e-05
-2.09082208140355e-05
-2.06991386058951e-05
-2.04921472198362e-05
-2.02872257476378e-05
-2.00843534901614e-05
-1.98835099552598e-05
-1.96846748557072e-05
-1.94878281071502e-05
-1.92929498260787e-05
-1.91000203278179e-05
-1.89090201245397e-05
-1.87199299232943e-05
-1.85327306240614e-05
-1.83474033178207e-05
-1.81639292846425e-05
-1.79822899917961e-05
-1.78024670918782e-05
-1.76244424209594e-05
-1.74481979967498e-05
-1.72737160167823e-05
-1.71009788566145e-05
-1.69299690680483e-05
-1.67606693773678e-05
-1.65930626835941e-05
-1.64271320567582e-05
-1.62628607361906e-05
-1.61002321288287e-05
-1.59392298075404e-05
-1.5779837509465e-05
-1.56220391343704e-05
-1.54658187430267e-05
-1.53111605555964e-05
-1.51580489500404e-05
-1.500646846054e-05
-1.48564037759346e-05
-1.47078397381753e-05
-1.45607613407935e-05
-1.44151537273856e-05
-1.42710021901117e-05
-1.41282921682106e-05
-1.39870092465285e-05
-1.38471391540632e-05
-1.37086677625226e-05
-1.35715810848974e-05
-1.34358652740484e-05
-1.33015066213079e-05
-1.31684915550948e-05
-1.30368066395439e-05
-1.29064385731485e-05
-1.2777374187417e-05
-1.26496004455428e-05
-1.25231044410874e-05
-1.23978733966765e-05
-1.22738946627097e-05
-1.21511557160826e-05
-1.20296441589218e-05
-1.19093477173326e-05
-1.17902542401593e-05
-1.16723516977577e-05
-1.15556281807801e-05
-1.14400718989723e-05
-1.13256711799826e-05
-1.12124144681827e-05
-1.11002903235009e-05
-1.09892874202659e-05
-1.08793945460632e-05
-1.07706006006026e-05
-1.06628945945966e-05
-1.05562656486506e-05
-1.04507029921641e-05
-1.03461959622425e-05
-1.024273400262e-05
-1.01403066625938e-05
-1.00389035959679e-05
-9.93851456000823e-06
-9.83912941440815e-06
-9.74073812026407e-06
-9.64333073906143e-06
-9.54689743167081e-06
-9.45142845735411e-06
-9.35691417278056e-06
-9.26334503105276e-06
-9.17071158074223e-06
-9.07900446493481e-06
-8.98821442028546e-06
-8.89833227608261e-06
-8.80934895332178e-06
-8.72125546378856e-06
-8.63404290915068e-06
-8.54770248005917e-06
-8.46222545525858e-06
-8.37760320070599e-06
-8.29382716869893e-06
-8.21088889701194e-06
-8.12878000804182e-06
-8.0474922079614e-06
-7.96701728588179e-06
-7.88734711302297e-06
-7.80847364189274e-06
-7.73038890547381e-06
-7.65308501641907e-06
-7.57655416625488e-06
-7.50078862459234e-06
-7.42578073834641e-06
-7.35152293096295e-06
-7.27800770165332e-06
-7.20522762463679e-06
-7.13317534839042e-06
-7.06184359490651e-06
-6.99122515895745e-06
-6.92131290736787e-06
-6.85209977829419e-06
-6.78357878051125e-06
-6.71574299270614e-06
-6.64858556277908e-06
-6.58209970715129e-06
-6.51627871007978e-06
-6.45111592297898e-06
-6.38660476374919e-06
-6.32273871611169e-06
-6.25951132895058e-06
-6.19691621566107e-06
-6.13494705350446e-06
-6.07359758296942e-06
-6.01286160713972e-06
-5.95273299106832e-06
-5.89320566115764e-06
-5.83427360454606e-06
-5.7759308685006e-06
-5.7181715598156e-06
-5.66098984421744e-06
-5.60437994577527e-06
-5.54833614631752e-06
-5.49285278485434e-06
-5.4379242570058e-06
-5.38354501443574e-06
-5.32970956429138e-06
-5.27641246864847e-06
-5.22364834396198e-06
-5.17141186052236e-06
-5.11969774191714e-06
-5.06850076449797e-06
-5.01781575685299e-06
-4.96763759928446e-06
-4.91796122329161e-06
-4.8687816110587e-06
-4.82009379494811e-06
-4.77189285699863e-06
-4.72417392842864e-06
-4.67693218914436e-06
-4.63016286725291e-06
-4.58386123858038e-06
-4.53802262619458e-06
-4.49264239993263e-06
-4.44771597593331e-06
-4.40323881617397e-06
-4.35920642801224e-06
-4.31561436373211e-06
-4.27245822009479e-06
-4.22973363789384e-06
-4.1874363015149e-06
-4.14556193849976e-06
-4.10410631911476e-06
-4.06306525592361e-06
-4.02243460336437e-06
-3.98221025733073e-06
-3.94238815475742e-06
-3.90296427320985e-06
-3.86393463047775e-06
-3.82529528417297e-06
-3.78704233133124e-06
-3.74917190801793e-06
-3.71168018893775e-06
-3.67456338704837e-06
-3.63781775317789e-06
-3.60143957564611e-06
-3.56542517988965e-06
-3.52977092809075e-06
-3.49447321880985e-06
-3.45952848662175e-06
-3.42493320175553e-06
-3.39068386973797e-06
-3.35677703104059e-06
-3.32320926073019e-06
-3.28997716812289e-06
-3.25707739644166e-06
-3.22450662247724e-06
-3.19226155625247e-06
-3.16033894068994e-06
-3.12873555128305e-06
-3.09744819577021e-06
-3.06647371381251e-06
-3.03580897667439e-06
-3.00545088690764e-06
-2.97539637803857e-06
-2.94564241425818e-06
-2.9161859901156e-06
-2.88702413021444e-06
-2.8581538889123e-06
-2.82957235002318e-06
-2.80127662652294e-06
-2.77326386025772e-06
-2.74553122165514e-06
-2.71807590943859e-06
-2.6908951503442e-06
-2.66398619884076e-06
-2.63734633685235e-06
-2.61097287348383e-06
-2.58486314474899e-06
-2.5590145133015e-06
-2.53342436816849e-06
-2.5080901244868e-06
-2.48300922324193e-06
-2.45817913100951e-06
-2.43359733969942e-06
-2.40926136630242e-06
-2.3851687526394e-06
-2.36131706511301e-06
-2.33770389446188e-06
-2.31432685551726e-06
-2.29118358696208e-06
-2.26827175109246e-06
-2.24558903358154e-06
-2.22313314324572e-06
-2.20090181181327e-06
-2.17889279369513e-06
-2.15710386575818e-06
-2.1355328271006e-06
-2.11417749882959e-06
-2.0930357238413e-06
-2.07210536660288e-06
-2.05138431293686e-06
-2.03087046980749e-06
-2.01056176510941e-06
-1.99045614745832e-06
-1.97055158598374e-06
-1.9508460701239e-06
-1.93133760942266e-06
-1.91202423332843e-06
-1.89290399099515e-06
-1.8739749510852e-06
-1.85523520157434e-06
-1.8366828495586e-06
-1.81831602106302e-06
-1.80013286085239e-06
-1.78213153224386e-06
-1.76431021692142e-06
-1.74666711475221e-06
-1.72920044360469e-06
-1.71190843916864e-06
-1.69478935477695e-06
-1.67784146122918e-06
-1.66106304661689e-06
-1.64445241615072e-06
-1.62800789198922e-06
-1.61172781306932e-06
-1.59561053493863e-06
-1.57965442958924e-06
-1.56385788529335e-06
-1.54821930644042e-06
-1.53273711337601e-06
-1.51740974224225e-06
-1.50223564481983e-06
-1.48721328837163e-06
-1.47234115548792e-06
-1.45761774393304e-06
-1.44304156649371e-06
-1.42861115082877e-06
-1.41432503932048e-06
-1.40018178892728e-06
-1.386179971038e-06
-1.37231817132762e-06
-1.35859498961435e-06
-1.34500903971821e-06
-1.33155894932102e-06
-1.31824335982781e-06
-1.30506092622953e-06
-1.29201031696724e-06
-1.27909021379757e-06
-1.26629931165959e-06
-1.253636318543e-06
-1.24109995535757e-06
-1.22868895580399e-06
-1.21640206624595e-06
-1.20423804558349e-06
-1.19219566512766e-06
-1.18027370847638e-06
-1.16847097139161e-06
-1.1567862616777e-06
-1.14521839906092e-06
-1.13376621507031e-06
-1.12242855291961e-06
-1.11120426739041e-06
-1.10009222471651e-06
-1.08909130246934e-06
-1.07820038944465e-06
-1.0674183855502e-06
-1.0567442016947e-06
-1.04617675967776e-06
-1.03571499208098e-06
-1.02535784216017e-06
-1.01510426373857e-06
-1.00495322110118e-06
-9.94903688890169e-07
-9.84954652001267e-07
-9.75105105481254e-07
-9.65354054426442e-07
-9.55700513882177e-07
-9.46143508743356e-07
-9.36682073655922e-07
-9.27315252919363e-07
-9.18042100390169e-07
-9.08861679386267e-07
-8.99773062592405e-07
-8.90775331966481e-07
-8.81867578646816e-07
-8.73048902860348e-07
-8.64318413831744e-07
-8.55675229693427e-07
-8.47118477396492e-07
-8.38647292622528e-07
-8.30260819696302e-07
-8.21958211499339e-07
-8.13738629384346e-07
-8.05601243090502e-07
-7.97545230659597e-07
-7.89569778353001e-07
-7.81674080569471e-07
-7.73857339763777e-07
-7.66118766366139e-07
-7.58457578702478e-07
-7.50873002915453e-07
-7.43364272886298e-07
-7.35930630157435e-07
-7.28571323855861e-07
-7.21285610617302e-07
-7.14072754511129e-07
-7.06932026966018e-07
-6.99862706696358e-07
-6.92864079629394e-07
-6.859354388331e-07
-6.79076084444769e-07
-6.72285323600322e-07
-6.65562470364318e-07
-6.58906845660675e-07
-6.52317777204068e-07
-6.45794599432028e-07
-6.39336653437707e-07
-6.3294328690333e-07
-6.26613854034297e-07
-6.20347715493954e-07
-6.14144238339015e-07
-6.08002795955624e-07
-6.01922767996068e-07
-5.95903540316107e-07
-5.89944504912946e-07
-5.84045059863817e-07
-5.78204609265179e-07
-5.72422563172527e-07
-5.66698337540802e-07
-5.61031354165394e-07
-5.5542104062374e-07
-5.49866830217502e-07
-5.44368161915327e-07
-5.38924480296174e-07
-5.33535235493212e-07
-5.2819988313828e-07
-5.22917884306897e-07
-5.17688705463828e-07
-5.1251181840919e-07
-5.07386700225098e-07
-5.02312833222847e-07
-4.97289704890619e-07
-4.92316807841713e-07
-4.87393639763295e-07
-4.82519703365662e-07
-4.77694506332006e-07
-4.72917561268686e-07
-4.68188385655999e-07
-4.63506501799439e-07
-4.58871436781445e-07
-4.5428272241363e-07
-4.49739895189494e-07
-4.45242496237599e-07
-4.40790071275223e-07
-4.36382170562471e-07
-4.32018348856846e-07
-4.27698165368278e-07
-4.23421183714595e-07
-4.19186971877449e-07
-4.14995102158674e-07
-4.10845151137088e-07
-4.06736699625717e-07
-4.0266933262946e-07
-3.98642639303165e-07
-3.94656212910133e-07
-3.90709650781032e-07
-3.86802554273222e-07
-3.82934528730489e-07
-3.79105183443185e-07
-3.75314131608753e-07
-3.71560990292665e-07
-3.67845380389738e-07
-3.64166926585841e-07
-3.60525257319983e-07
-3.56920004746783e-07
-3.53350804699315e-07
-3.49817296652322e-07
-3.46319123685799e-07
-3.42855932448941e-07
-3.39427373124451e-07
-3.36033099393207e-07
-3.32672768399275e-07
-3.29346040715282e-07
-3.26052580308129e-07
-3.22792054505048e-07
-3.19564133959997e-07
-3.16368492620397e-07
-3.13204807694193e-07
-3.10072759617251e-07
-3.06972032021079e-07
-3.03902311700868e-07
-3.00863288583859e-07
-2.97854655698021e-07
-2.94876109141041e-07
-2.9192734804963e-07
-2.89008074569134e-07
-2.86117993823443e-07
-2.83256813885208e-07
-2.80424245746356e-07
-2.77620003288892e-07
-2.74843803256004e-07
-2.72095365223444e-07
-2.69374411571209e-07
-2.66680667455497e-07
-2.64013860780942e-07
-2.61373722173133e-07
-2.58759984951401e-07
-2.56172385101887e-07
-2.53610661250868e-07
-2.5107455463836e-07
-2.48563809091976e-07
-2.46078171001056e-07
-2.43617389291046e-07
-2.41181215398135e-07
-2.38769403244154e-07
-2.36381709211712e-07
-2.34017892119595e-07
-2.31677713198399e-07
-2.29360936066415e-07
-2.27067326705751e-07
-2.24796653438694e-07
-2.22548686904307e-07
-2.20323200035264e-07
-2.18119968034911e-07
-2.15938768354562e-07
-2.13779380671016e-07
-2.11641586864306e-07
-2.09525170995663e-07
-2.07429919285706e-07
-2.05355620092849e-07
-2.03302063891921e-07
-2.01269043253002e-07
-1.99256352820472e-07
-1.97263789292267e-07
-1.95291151399344e-07
-1.93338239885351e-07
-1.91404857486497e-07
-1.89490808911632e-07
-1.87595900822516e-07
-1.85719941814291e-07
-1.83862742396148e-07
-1.82024114972186e-07
-1.80203873822465e-07
-1.7840183508424e-07
-1.76617816733398e-07
-1.74851638566064e-07
-1.73103122180403e-07
-1.71372090958599e-07
-1.69658370049013e-07
-1.67961786348523e-07
-1.66282168485038e-07
-1.64619346800187e-07
-1.62973153332185e-07
-1.61343421798863e-07
-1.59729987580875e-07
-1.58132687705066e-07
-1.56551360828015e-07
-1.54985847219735e-07
-1.53435988747538e-07
-1.51901628860063e-07
-1.50382612571462e-07
-1.48878786445747e-07
-1.4738999858129e-07
-1.45916098595477e-07
-1.44456937609522e-07
-1.43012368233427e-07
-1.41582244551093e-07
-1.40166422105582e-07
-1.38764757884526e-07
-1.37377110305681e-07
-1.36003339202624e-07
-1.34643305810598e-07
-1.33296872752492e-07
-1.31963904024967e-07
-1.30644264984717e-07
-1.2933782233487e-07
-1.28044444111521e-07
-1.26763999670406e-07
-1.25496359673702e-07
-1.24241396076965e-07
-1.22998982116195e-07
-1.21768992295033e-07
-1.20551302372083e-07
-1.19345789348362e-07
-1.18152331454879e-07
-1.1697080814033e-07
-1.15801100058926e-07
-1.14643089058337e-07
-1.13496658167754e-07
-1.12361691586076e-07
-1.11238074670216e-07
-1.10125693923513e-07
-1.09024436984278e-07
-1.07934192614435e-07
-1.06854850688291e-07
-1.05786302181408e-07
-1.04728439159594e-07
-1.03681154767998e-07
-1.02644343220318e-07
-1.01617899788115e-07
-1.00601720790234e-07
-9.95957035823315e-08
-9.85997465465082e-08
-9.76137490810431e-08
-9.66376115902327e-08
-9.56712354743304e-08
-9.47145231195871e-08
-9.37673778883912e-08
-9.28297041095073e-08
-9.19014070684122e-08
-9.09823929977281e-08
-9.00725690677508e-08
-8.91718433770733e-08
-8.82801249433026e-08
-8.73973236938696e-08
-8.65233504569309e-08
-8.56581169523615e-08
-8.48015357828379e-08
-8.39535204250095e-08
-8.31139852207594e-08
-8.22828453685518e-08
-8.14600169148663e-08
-8.06454167457177e-08
-7.98389625782605e-08
-7.90405729524779e-08
-7.82501672229531e-08
-7.74676655507236e-08
-7.66929888952163e-08
-7.59260590062642e-08
-7.51667984162015e-08
-7.44151304320395e-08
-7.36709791277191e-08
-7.29342693364419e-08
-7.22049266430775e-08
-7.14828773766467e-08
-7.07680486028803e-08
-7.00603681168515e-08
-6.93597644356829e-08
-6.86661667913261e-08
-6.79795051234129e-08
-6.72997100721787e-08
-6.66267129714569e-08
-6.59604458417424e-08
-6.5300841383325e-08
-6.46478329694917e-08
-6.40013546397968e-08
-6.33613410933988e-08
-6.27277276824648e-08
-6.21004504056402e-08
-6.14794459015838e-08
-6.08646514425679e-08
-6.02560049281423e-08
-5.96534448788608e-08
-5.90569104300722e-08
-5.84663413257715e-08
-5.78816779125138e-08
-5.73028611333887e-08
-5.67298325220548e-08
-5.61625341968342e-08
-5.56009088548659e-08
-5.50448997663172e-08
-5.44944507686541e-08
-5.39495062609675e-08
-5.34100111983578e-08
-5.28759110863743e-08
-5.23471519755105e-08
-5.18236804557554e-08
-5.13054436511979e-08
-5.07923892146859e-08
-5.0284465322539e-08
-4.97816206693136e-08
-4.92838044626205e-08
-4.87909664179943e-08
-4.83030567538143e-08
-4.78200261862762e-08
-4.73418259244134e-08
-4.68684076651693e-08
-4.63997235885176e-08
-4.59357263526324e-08
-4.54763690891061e-08
-4.5021605398215e-08
-4.45713893442329e-08
-4.41256754507906e-08
-4.36844186962827e-08
-4.32475745093198e-08
-4.28150987642266e-08
-4.23869477765844e-08
-4.19630782988185e-08
-4.15434475158303e-08
-4.1128013040672e-08
-4.07167329102653e-08
-4.03095655811627e-08
-3.9906469925351e-08
-3.95074052260975e-08
-3.91123311738366e-08
-3.87212078620982e-08
-3.83339957834772e-08
-3.79506558256424e-08
-3.7571149267386e-08
-3.71954377747121e-08
-3.6823483396965e-08
-3.64552485629954e-08
-3.60906960773654e-08
-3.57297891165918e-08
-3.53724912254258e-08
-3.50187663131716e-08
-3.46685786500399e-08
-3.43218928635395e-08
-3.39786739349041e-08
-3.3638887195555e-08
-3.33024983235995e-08
-3.29694733403635e-08
-3.26397786069599e-08
-3.23133808208902e-08
-3.19902470126813e-08
-3.16703445425545e-08
-3.1353641097129e-08
-3.10401046861577e-08
-3.07297036392961e-08
-3.04224066029032e-08
-3.01181825368741e-08
-2.98170007115054e-08
-2.95188307043903e-08
-2.92236423973464e-08
-2.8931405973373e-08
-2.86420919136392e-08
-2.83556709945028e-08
-2.80721142845578e-08
-2.77913931417122e-08
-2.75134792102951e-08
-2.72383444181922e-08
-2.69659609740102e-08
-2.66963013642701e-08
-2.64293383506274e-08
-2.61650449671212e-08
-2.590339451745e-08
-2.56443605722755e-08
-2.53879169665527e-08
-2.51340377968872e-08
-2.48826974189183e-08
-2.46338704447291e-08
-2.43875317402818e-08
-2.4143656422879e-08
-2.39022198586502e-08
-2.36631976600637e-08
-2.34265656834631e-08
-2.31923000266284e-08
-2.29603770263622e-08
-2.27307732560985e-08
-2.25034655235376e-08
-2.22784308683022e-08
-2.20556465596192e-08
-2.1835090094023e-08
-2.16167391930827e-08
-2.14005718011519e-08
-2.11865660831404e-08
-2.0974700422309e-08
-2.07649534180859e-08
-2.0557303883905e-08
-2.0351730845066e-08
-2.01482135366153e-08
-1.99467314012492e-08
-1.97472640872367e-08
-1.95497914463643e-08
-1.93542935319007e-08
-1.91607505965817e-08
-1.89691430906158e-08
-1.87794516597097e-08
-1.85916571431126e-08
-1.84057405716815e-08
-1.82216831659646e-08
-1.8039466334305e-08
-1.78590716709619e-08
-1.76804809542523e-08
-1.75036761447098e-08
-1.73286393832627e-08
-1.71553529894301e-08
-1.69837994595358e-08
-1.68139614649404e-08
-1.6645821850291e-08
-1.64793636317881e-08
-1.63145699954702e-08
-1.61514242955155e-08
-1.59899100525604e-08
-1.58300109520348e-08
-1.56717108425144e-08
-1.55149937340893e-08
-1.53598437967484e-08
-1.52062453587809e-08
-1.50541829051931e-08
-1.49036410761412e-08
-1.47546046653797e-08
