0.0391588925899895
0.0330879562426859
0.0252823936135096
0.0190791823247099
0.0142541188646575
0.010413816151326
0.00726114635814462
0.00458653469444773
0.0022438171377968
0.000131591502458297
-0.0591478449944804
-0.0532343222381992
-0.0447788912386538
-0.0381608000776383
-0.0332772547032831
-0.029610831394646
-0.0267811969419057
-0.024520618949468
-0.0226421064497879
-0.0210155182022106
0.0954026588260924
0.0791117171973186
0.0587156719172314
0.042163191038063
0.0297526781088887
0.0201970893243495
0.0126306049513073
0.00645345575103291
0.00124843317841362
-0.00327444338903907
-0.109761265557272
-0.0965685366648965
-0.0789489934761489
-0.0655941199048514
-0.0558900626955905
-0.0487850316853514
-0.0434829921657643
-0.0394199244297768
-0.0361998631185398
-0.0335455352667462
-0.149364516702646
-0.12640606256979
-0.0993480378415154
-0.0778371633661611
-0.060947818495424
-0.0510744372315561
-0.0394144487005069
-0.0295306047586904
-0.020895062194815
-0.0131323646974059
0.212223845800983
0.181213617200169
0.1414372678351
0.111382448324827
0.089587482598316
0.0736900217636424
0.0619068172193954
0.0529743461181201
0.0460049609539144
0.0403759321037914
-0.276334861128654
-0.227822439268979
-0.16626533533035
-0.118319092117531
-0.0820240005723471
-0.0540955298516972
-0.032051718135466
-0.0141367197861291
0.00087911457524643
0.0138537935681931
0.208486694027613
0.18767396260091
0.158410969465681
0.136899604755799
0.122042210512981
0.111912894231464
0.105050216343738
0.100416522364501
0.0972814366266943
0.0951317174655903
0.179514094917464
0.586129202485981
0.471820118943609
0.390037539538464
0.345756872657209
0.29217413194598
0.235624183693469
0.17898673351199
0.123458660834064
0.0701522287692247
0.0100943938925192
-0.0340232922413147
-0.071358470295933
-0.103240669067892
-0.130774727568519
-0.154802358885487
-0.176115228094714
-0.195401103883494
-0.213205009971632
-0.229920592082876
-0.273521090710104
-0.305710480031815
-0.331322817576043
-0.351921885004076
-0.36860543321338
-0.382150559680469
-0.393099490854267
-0.401809542921355
-0.408503723356062
-0.41331486728625
-0.4394841949395
-0.429294748971351
-0.416801492220684
-0.405692455992169
-0.395781013691331
-0.38633018713105
-0.376797933123681
-0.366837982590288
-0.356236780658425
-0.344867999423302
-0.428503066238648
-0.445055540149385
-0.447523769368835
-0.441546170679925
-0.428674829177875
-0.410032634310588
-0.386592160550487
-0.359206893957531
-0.328624300941712
-0.295498148436117
-0.238360490865863
-0.196366674608052
-0.155854384740551
-0.116061525958298
-0.0769365821186456
-0.0384793379448912
-0.000683634590668246
0.0364664368262966
0.0729933455838303
0.108921559656469
0.364270392174614
0.396082054908979
0.40350975177178
0.411749098631559
0.424075313370779
0.438724813160285
0.454104114036846
0.469150967014309
0.4831395396895
0.495534406093475
0.331914955843979
0.34739402588523
0.371927903609498
0.392577688689787
0.408756941190286
0.420733462598615
0.428802616411473
0.433234206529344
0.434273589130274
0.432146728212008
0.696643442078879
0.677973797455381
0.64394146778461
0.612440965133224
0.57892061483676
0.542502036521216
0.502946598744936
0.460212711979722
0.414422208186915
0.365811119572235
0.0133810230203021
-0.0425723575633327
-0.0754483808356937
-0.103005110287502
-0.128870717571317
-0.153258597472384
-0.176102240468146
-0.197306708721947
-0.216789826015354
-0.234485334261236
-0.305415357054163
-0.319930804420438
-0.328369814759831
-0.334019342016309
-0.337558171371245
-0.339061271439706
-0.338563524445829
-0.336104505086595
-0.33173508641078
-0.325517441276007
-0.294007450492782
-0.294193679955952
-0.293032448947696
-0.288624453719762
-0.281174236834174
-0.270920804780639
-0.2581103321921
-0.242993308248343
-0.225822137474569
-0.206849102626748
-0.367522216723103
-0.347840259357027
-0.313348649750664
-0.275408724722182
-0.235418137996378
-0.193825445539791
-0.15100246186621
-0.10730480977513
-0.0630757340299602
-0.0186455290858831
0.199995562101541
0.250675832090241
0.286918820038551
0.318746100892271
0.347087309126221
0.37199139996078
0.393461602137639
0.411513339481512
0.426178726343851
0.437506652227797
0.574297426625847
0.585327708197313
0.58285376102876
0.574717565792883
0.562451605388332
0.546335795153477
0.526575834135305
0.503391905709578
0.47702779377752
0.447748080368777
0.451952255546726
0.406444616091367
0.356846811669226
0.30633942458572
0.255145049001969
0.203564134347661
0.151917205635547
0.100531347899511
0.0497354943987504
-0.000143847949532008
-0.229111856392222
-0.281097008411246
-0.317315225626446
-0.348434015439113
-0.374484111875881
-0.395540834683953
-0.411725402353795
-0.42319357072856
-0.430133019560469
-0.432758643829043
-0.440518773851724
-0.423259715015649
-0.403676075892398
-0.383316844145585
-0.36233453253033
-0.340721905993473
-0.318487456906715
-0.295664227052474
-0.272306515207227
-0.248485952160796
-0.245795097068344
-0.225654106909418
-0.202969685059545
-0.179094549600869
-0.154349165446556
-0.128948347009829
-0.103094123942018
-0.0769817246091755
-0.05079939070385
-0.0247277490994585
-0.141181705751879
-0.122670395384771
-0.0935703832661215
-0.0623225581800756
-0.0298179237462884
0.00355529145184126
0.0374588138004834
0.0715747987895174
0.105603641721576
0.139263599679869
0.386831644032227
0.426039580057231
0.4481003015817
0.465459968908025
0.478549831676828
0.487488972638909
0.492394050661345
0.493396096093967
0.490642739244714
0.484298255338761
0.632633396305696
0.627189685022596
0.606103495620389
0.578965840599233
0.547212107306741
0.511358747804206
0.471859344161485
0.429162776053374
0.383716128372183
0.335962626154561
0.202515487304576
0.143099390655807
0.0891582008644408
0.0365394108704737
-0.0147289452787296
-0.0643836949599283
-0.112163087079993
-0.157824054074562
-0.201145021986409
-0.241927561560816
-0.367361281571479
-0.408016058193612
-0.438503220023281
-0.463924758640492
-0.484636753713384
-0.500768001063465
-0.512455263654979
-0.519856069270493
-0.523147060387546
-0.522521339158352
-0.0779553767264985
-0.0450760459259273
-0.0458617412622215
-0.0534636087916502
-0.06504778497726
-0.0800321135195859
-0.0980054942587027
-0.118582264234137
-0.141391097821768
-0.166074190112674
-0.713740012982554
-0.752136715055961
-0.748041986419321
-0.73474023318941
-0.717470855235665
-0.696759583721814
-0.672770285337338
-0.645653563892938
-0.615582720146676
-0.582754363288644
-0.325815357006796
-0.302451925021662
-0.292200134931777
-0.279975438367275
-0.265158350039736
-0.248009401500188
-0.228839118912388
-0.207947916716435
-0.185621973929836
-0.16213312960519
-0.320918618391026
-0.30159056032809
-0.266582424902434
-0.227979830070758
-0.187025910995438
-0.144287481607687
-0.100251702209346
-0.055369736988888
-0.0100604507217638
0.0352886470833178
0.130599859229339
0.193034888349678
0.248224611362876
0.29814212886739
0.342996085666448
0.382842982057354
0.417744521982472
0.44777959961464
0.473045816822652
0.493659393815672
0.531581113881197
0.535064879860906
0.53391145247208
0.530189250770505
0.524051653615285
0.515553929354361
0.504763604960771
0.491766245103537
0.476664307194949
0.459575511300146
0.550767982736292
0.52341501036374
0.48779190679177
0.451335356133728
0.413919331306188
0.375622886169759
0.336581621575112
0.29695930305426
0.256942223755649
0.216733334437293
0.104041002691999
0.0691775817191896
0.0397047227044623
0.0110902903929704
-0.0167528380173159
-0.0436586743392802
-0.0694593064012348
-0.0940013349229982
-0.117147275050414
-0.138775907791657
-0.0686790754243303
-0.0832191362151374
-0.10298468750118
-0.122701082741636
-0.14185324925028
-0.160259653538959
-0.17777430157448
-0.194267331895159
-0.209623703298779
-0.223743026076297
-0.592907420028584
-0.606392330650683
-0.590718960434797
-0.567737489121945
-0.541121001009244
-0.511423403395652
-0.478951172915532
-0.443985208043294
-0.406807372319969
-0.36770233895295
0.0286633745486796
0.0783477634240717
0.102053850928554
0.121061226567648
0.137316671635688
0.150994282774691
0.162155847573844
0.170864065652527
0.177190774306487
0.181217102166687
-0.0711430225812378
-0.0876828588879451
-0.0858959596232857
-0.0802856800260724
-0.0717301806677074
-0.0605950659889422
-0.0472066432388489
-0.0318780820760677
-0.0149107875723865
0.0034061203099832
0.134956855587804
0.163879789684664
0.183774809548709
0.200893095617767
0.215792672227203
0.228537781307717
0.239165310506762
0.247717052040245
0.254242043294896
0.258796610573584
0.1118240091248
0.0972923176549297
0.0937357463887526
0.0927962597674321
0.0944379830296903
0.0983519352691737
0.104221405161428
0.111749066079075
0.120653436755365
0.130668196189625
0.258537182632064
0.280355468431377
0.291937670166201
0.299896559006146
0.304949562643291
0.307273962808517
0.307013025533661
0.304311319380654
0.299317214948151
0.292182782474464
0.530497836075708
0.531582827810396
0.511035611729405
0.483481695420593
0.451440813572022
0.415524171376418
0.376190283601619
0.333876241532229
0.289011688699901
0.242018412942176
-0.0302890174640433
-0.086856801165703
-0.125533217903871
-0.159578450071998
-0.19157904757879
-0.221679480426534
-0.249825575479578
-0.27594668570163
-0.299983619143532
-0.321890644170726
-0.467151891058692
-0.50185250087164
-0.522950991919081
-0.537178672462778
-0.545509695365848
-0.548352171371482
-0.546074566333471
-0.539041447048041
-0.527614314251016
-0.512150237579824
-0.244971066265127
-0.216602177066922
-0.205366055870334
-0.195482327784227
-0.185853821255642
-0.176421846068517
-0.167197272384887
-0.1581952321693
-0.149430560196256
-0.140917343047763
-0.459768663673064
-0.469880711159643
-0.453071184948186
-0.429329871467335
-0.400170953582572
-0.366351349517919
-0.32855067533979
-0.287410751743672
-0.243537788015838
-0.197502338414119
0.144736853000727
0.208992656986091
0.249444788267857
0.283920620597281
0.313707441405985
0.339024284830501
0.360023405221368
0.376855578976966
0.389674539385202
0.398637591994128
0.169913457233451
0.1575492918076
0.161047904993688
0.16634447885702
0.172865836810859
0.180335072720879
0.188508279959901
0.197164118156129
0.206100320397881
0.215132274799084
0.461087401244779
0.486029383435193
0.490367262608379
0.488159778038962
0.480994943162095
0.469311304499237
0.45346692029317
0.433814606116719
0.410706948146407
0.384495711202438
0.365704538799608
0.335593008978289
0.30268259641798
0.267765724786849
0.231226804719152
0.193405084165075
0.154626833294345
0.115206518894061
0.0754459462629706
0.0356333013227547
-0.266780930797973
-0.336122145769362
-0.382776065486435
-0.421078358444605
-0.450629948725012
-0.471784207039225
-0.485006128897417
-0.490799874846349
-0.489704442471155
-0.482282298379453
-0.191573543313038
-0.152210999355037
-0.133353686469172
-0.117915780016554
-0.104567850765265
-0.0930673520923596
-0.0832550172055169
-0.0749872465771312
-0.0681304991714462
-0.0625599753462529
-0.288495823379456
-0.278407883224677
-0.250859902177387
-0.221872890303209
-0.193987139601551
-0.167317676895292
-0.141801108323102
-0.117379497709141
-0.0940173418091591
-0.0716978085009859
-0.109369180462348
-0.0872845654655838
-0.0614731021999146
-0.0362246943963123
-0.0122529236657784
0.010391672158418
0.031707142811873
0.0516906055718808
0.0703345218227818
0.0876287161239722
-0.047326412981917
-0.0619968578932277
-0.0624139165977776
-0.0570663472989464
-0.0468901988816977
-0.032547512712387
-0.0146415428506779
0.00627083424890711
0.0296747725499464
0.0550944186661837
0.314455533714686
0.360945149812781
0.387137148136534
0.407249220982812
0.422894982537912
0.43437457867663
0.441890876624777
0.445641362699419
0.44582635182532
0.442649888828338
0.373597943239949
0.36343726633017
0.355421313081216
0.345847608574635
0.334425442428091
0.3212823331031
0.306580371362251
0.290484738711963
0.273159876259155
0.254768466559387
0.277302593840196
0.241733166036594
0.204531057337917
0.169485407702146
0.136302269896633
0.10489092816358
0.0752078021284482
0.0472287417144337
0.0209440084014959
-0.00364661072164903
0.120978028319354
0.124518600470867
0.115355856302263
0.101616498180535
0.0851635500379389
0.0665099176998059
0.046017200381335
0.0240043081125807
0.000765193499993048
-0.0234284426522098
0.112743905273835
0.0646359966190245
0.0053616069943414
-0.0518099022784427
-0.106992972444615
-0.160017027514604
-0.210660150592726
-0.25870514619781
-0.303944422644236
-0.346185761806286
-0.605587405283917
-0.634173298184072
-0.640587242924226
-0.641669430070267
-0.639484155042219
-0.634316307192993
-0.626299533167289
-0.615560066161366
-0.602230440215164
-0.586450651599518
-0.343018772025028
-0.304373512261276
-0.285483398036539
-0.270770499591643
-0.258368115085219
-0.247938162259857
-0.239281196017148
-0.232222664945158
-0.226600975034444
-0.222264901662137
-0.343828356081694
-0.345118425497328
-0.336061949999438
-0.325620282375239
-0.314752242250629
-0.303549674753523
-0.29203843587478
-0.280243227722442
-0.268192380470069
-0.255917489764546
-0.592119519231412
-0.615288914957594
-0.602848071235919
-0.578898937154313
-0.546077414883424
-0.505812303850936
-0.459326594012596
-0.407713089349051
-0.351950527029116
-0.292915635980505
0.112775937955857
0.195712465562357
0.246539338572134
0.290476603087983
0.32966201719603
0.364460218927374
0.395076523910628
0.421679956565605
0.444414946533567
0.463405697657168
0.373426362220739
0.38107257973918
0.394642248633588
0.406587097651279
0.41646443477217
0.424229556416254
0.429872891567353
0.433397796901003
0.434819218391681
0.434163760859556
0.272398064156974
0.248865121179174
0.238032924328609
0.23021555788672
0.225355690886235
0.223040539784267
0.222861435192306
0.224457608350176
0.227505147535441
0.231711339917826
0.4446605299507
0.464331029237594
0.466976219151315
0.465160948739924
0.459377688016581
0.449901553629009
0.437005123719779
0.420959774621728
0.402037874706896
0.380513306701751
0.0873244583713208
0.057051650533541
0.0457555743204513
0.0370539617248581
0.0295314264219998
0.0230655752829801
0.0176243465699852
0.0131779732496396
0.00969266414216332
0.00713057398447786
0.112169326921972
0.102213592595541
0.0869694499492687
0.0738012245780242
0.0620966460466163
0.0517289380719223
0.0426219990813508
0.0347001608553809
0.0278914251981137
0.0221270226791612
0.160206726866086
0.171030580270313
0.169901502040678
0.165123010004334
0.157656763974899
0.14782593277104
0.135899611543549
0.122134868734974
0.106779919481647
0.0900742364925213
-0.0344345575277467
-0.0640807231963048
-0.0854952951493827
-0.104629248823855
-0.121522358257286
-0.136214162807239
-0.148757144646207
-0.159209820329667
-0.167637469395204
-0.174112002071207
-0.0356625456133332
-0.0201968508946927
-0.0164651757238957
-0.0163326661486784
-0.0183962832594833
-0.022311689841712
-0.027841299647487
-0.034773140428137
-0.0429100737938673
-0.0520678108280628
-0.143836200204414
-0.164156613795087
-0.177602245368061
-0.188877748155454
-0.198463479026458
-0.206446418470503
-0.212884749335221
-0.2178361944318
-0.221360258826165
-0.223518303762533
-0.00372002714452731
-0.00684950714361597
-0.0263651946443861
-0.0461356592443293
-0.0658190171108278
-0.0852985809984745
-0.104452967776951
-0.123164562644002
-0.14131909226434
-0.158806682803969
-0.494586314859503
-0.521335706475501
-0.519953509934461
-0.51184433159082
-0.498195295052894
-0.479615159311994
-0.456666071273416
-0.429881620755896
-0.399767931715299
-0.366803503924067
-0.363968508358446
-0.310073636094737
-0.254410695438166
-0.200755489166878
-0.149380091503534
-0.100210491454422
-0.0531957151429955
-0.00832125927136154
0.0344011594025812
0.0749429090920352
0.465382937843715
0.505773651617662
0.515167431154642
0.518325170486302
0.516789110009772
0.510844852588705
0.50070654735428
0.486594187588702
0.468740503656546
0.447391835317044
0.325024560536679
0.279685207265811
0.241499006593008
0.204923177314751
0.170071332947215
0.136840714932452
0.105154075177067
0.0749775013752628
0.0463063232754358
0.0191562662786659
-0.0507224031495008
-0.0659832412609849
-0.0776114517345846
-0.0886891869078519
-0.0992077668079951
-0.109086708883472
-0.118252902707926
-0.126643350498557
-0.134205247809101
-0.140895705032588
0.151658789107579
0.154012695018548
0.134452719335133
0.111740129010187
0.0863238778354761
0.0585791480591303
0.0288834201272204
-0.00239948134380676
-0.0349163930722087
-0.0683242313072473
-0.576660286146069
-0.622185860190966
-0.631318581044385
-0.631753291462099
-0.62489379168108
-0.61139104929217
-0.591858921909825
-0.56690454162253
-0.53712299727547
-0.503091544561116
-0.669551889362693
-0.637093971010159
-0.585128173310043
-0.526843338020302
-0.463898843487282
-0.39722337712965
-0.327625161020941
-0.255842152302592
-0.182553568500808
-0.108387153404438
0.337821653895808
0.430416038563556
0.491380298672856
0.543218048490896
0.587828086017036
0.625467314329364
0.656303205752483
0.680515616697154
0.698303207087322
0.709883423369619
0.633312142574885
0.631653306883034
0.630825268058712
0.626135207527776
0.617328637669819
0.604610837683576
0.588230759289983
0.568449914024927
0.545538397152937
0.519773126348036
0.59379858748106
0.559774210048876
0.516491101220583
0.470866173682305
0.42347882094629
0.374682054806968
0.324820476202019
0.274239160722719
0.22328135523281
0.172285550867992
0.2181639978143
0.186651974136222
0.1474150392871
0.105406610280344
0.0619592392127764
0.0175413108632193
-0.0274760712665116
-0.0727573475858685
-0.11799219867319
-0.162894137764924
-0.0732590406906255
-0.129887798407035
-0.19517861954102
-0.259307752823321
-0.321168001956548
-0.380422771773382
-0.436804644415395
-0.49006555563391
-0.539973910235464
-0.586315486299651
-0.927200878460545
-0.970616301364827
-0.98572836264025
-0.991154899393684
-0.989304275360767
-0.980721856908026
-0.965818603792569
-0.944998805835784
-0.918670645523405
-0.887246783561916
-1.14166701066746
-1.11816247851029
-1.06571138802168
-1.00288530183777
-0.932215445016821
-0.854956299654438
-0.772187551387952
-0.684903726110178
-0.594033169261928
-0.500448692910687
-0.175383184434036
-0.0920846646047905
-0.0247291656151169
0.042294594589799
0.109882695738205
0.177562455273694
0.244779572109202
0.311022613840954
0.375828247225459
0.438774606320904
0.503580384828142
0.580208818075027
0.649918405026751
0.711808822371624
0.765941495879027
0.812442232543045
0.851450071194644
0.88311481069856
0.907598454168556
0.925077586074168
0.776601768562581
0.781596635741601
0.79207780208823
0.798152695638349
0.799009727576711
0.79484570541257
0.785938108674172
0.772580184355863
0.755074292622409
0.733730176817242
1.01848247538306
0.999670804721033
0.953594125641577
0.899624434665154
0.840376689517654
0.776622787421026
0.708993429200081
0.63810043635916
0.564544778950085
0.488914136474723
0.367181223120198
0.266392887393202
0.170429717007035
0.0780021620793617
-0.0105531938466132
-0.0949210949321881
-0.17478802569768
-0.249849300212116
-0.319819557594133
-0.384441876255418
-0.413417086707346
-0.460075534627158
-0.504445961041131
-0.544582345592796
-0.580277039470795
-0.611435580690962
-0.638007645440816
-0.659981161378301
-0.677379929770536
-0.690261120756121
-0.899807378185314
-0.906441622622079
-0.89222489772139
-0.870889779707326
-0.844052037624248
-0.812279795923254
-0.776050792592312
-0.73582247536465
-0.692038263228327
-0.645129016233749
-0.441570657575577
-0.388227509009739
-0.345720406101205
-0.303689876617398
-0.261656512169291
-0.219779118790991
-0.178250297331316
-0.137254358042364
-0.0969640374444782
-0.0575400968792536
0.173940182848829
0.229487580266942
0.26656192831185
0.29680485901678
0.32143111544228
0.340802895669791
0.355222220956863
0.364984485978014
0.370382176718466
0.371705303161912
0.130510166393239
0.120936186551815
0.1275895590653
0.13500076031197
0.141520908827379
0.147087634920133
0.151759595134308
0.155604739967925
0.158690467316324
0.161082961604221
0.0638830345104573
0.0435605950817348
0.033208610764611
0.0275680327275344
0.0259934713786263
0.0280692179109431
0.0334196876040138
0.0416954047546889
0.0525696418977459
0.0657363670350321
0.0739328826751089
0.0881546988951649
0.104988441992959
0.123736189521643
0.144093810208633
0.165789419813838
0.188569465603034
0.21219696669941
0.236450493083418
0.261123297006096
0.38789570448875
0.423902526630454
0.450220256863175
0.472802525112504
0.492305000445642
0.508915901155062
0.522786135614325
0.53406130577034
0.542885138291813
0.549400563829455
0.517211965980181
0.513228527342361
0.51080926349148
0.508251607175041
0.505482414976287
0.502493007780179
0.499287198300109
0.495877601102643
0.492284193240476
0.488533183629693
0.745421642268807
0.751891315656913
0.73756752222241
0.718480096219619
0.695935425298755
0.670414227221328
0.642337660321643
0.612115740376469
0.580149141655768
0.546827857329775
0.409833698521973
0.372602625727322
0.343278316968956
0.31586515015533
0.289880020638764
0.265443896763809
0.242707283177816
0.2218065548633
0.202859977968102
0.185967539918336
0.198002087527433
0.183052184433095
0.168579340464677
0.156464435467751
0.146888288641811
0.139866802561188
0.135389832256638
0.133432045026733
0.133954575526434
0.136906003321038
-0.0609228165085852
-0.0603046032439753
-0.0408794683853745
-0.0154357269347367
0.0142614521731511
0.0477291865954288
0.0845926473102966
0.124494487578529
0.167086403017089
0.212028278263844
0.225988094378582
0.26843139101139
0.315943230901725
0.366372323228658
0.419155555982528
0.473824899877944
0.529938836789224
0.587077411585083
0.644840813080346
0.702848132806462
0.879983672165754
0.942326920685666
0.994413512862311
1.04298698296237
1.08818490243704
1.12990585279618
1.16805141357263
1.20254156936135
1.23331788783646
1.26034549633683
1.24973200069101
1.2653970187173
1.28017341674485
1.29237175322495
1.30188972656331
1.30879422714869
1.31317760425328
1.31514711134859
1.31482298292968
1.31233710572212
1.33222812386032
1.32641256032254
1.3170903920965
1.30577858085643
1.29281338945531
1.27841108869349
1.26278143059799
1.24613353206942
1.22867521629857
1.21061189881523
1.12025679984472
1.09502083446098
1.07542061826943
1.05790654355398
1.04204813436112
1.02789040296246
1.01550319193779
1.00495485230568
0.996309405635785
0.989626342309628
1.0501091377158
1.04612896674479
1.03969240166432
1.03436538721653
1.03080015340887
1.02908259098716
1.02926943794275
1.03141416136801
1.03557005366904
1.04178994308079
1.06038576108937
1.0773212021301
1.09563757472004
1.11545502985601
1.13680202020704
1.15967197556003
1.18404467369216
1.20988602552851
1.23714732599106
1.26576439628851
1.12893055271868
1.17360472389097
1.22759849449374
1.28409875595288
1.34199821069456
1.40087095785284
1.46027915151979
1.5197545546493
1.57879940339857
1.63689042867584
1.79158855882488
1.87199764713728
1.94166640509088
2.00171500353301
2.05159298058251
2.09093776783952
2.11963376140421
2.13782226876255
2.14588034963332
2.14438137787014
2.06970593416485
2.01786723144691
1.96691407998559
1.9160933626106
1.86568021496466
1.81597796392814
1.76730737886533
1.72000903425345
1.6744441303243
1.63099451652348
1.85826750808237
1.83557745266625
1.80159188522394
1.76552786220531
1.72775077520174
1.68878692169965
1.64917766128669
1.60946518779847
1.57019324058688
1.53190677270734
1.23256157206773
1.1746976127934
1.13310826755605
1.10121227388107
1.08110423507382
1.07353504710016
1.07886222505052
1.0970434463446
1.12763801948787
1.16985672616702
1.56517370220141
1.67631843118117
1.77022186872619
1.85557524252466
1.93237111189925
2.00027160843029
2.05903494550358
2.10855560113472
2.14887512573677
2.18018271528478
2.15693929109567
2.13364199168923
2.11031832490779
2.08729969168477
2.06478861340559
2.04296763611356
2.02202278385595
2.00214241070699
1.98351493964305
1.96632607132428
1.69841249497636
1.6748464092256
1.66897494693499
1.67126199030466
1.68125572399279
1.698677967214
1.72311080819098
1.7540250907106
1.79080475644634
1.83277140745686
1.87238015612555
1.93606536034738
2.00149400077278
2.06704051739668
2.13195037689046
2.19560763439285
2.25744089101181
2.31691840158795
2.3735479961287
2.42687901824557
2.70240053921079
2.74879031310343
2.77702930105463
2.7957193700743
2.80593082784478
2.80823477945055
2.80322470092899
2.79152149539548
2.77375981231004
2.75057768239898
2.63135752478443
2.61029575288048
2.58950924235186
2.56512078797779
2.53750842306453
2.507219767364
2.47480476081595
2.44080683671699
2.40575994550941
2.37018582097983
2.50227613588659
2.45467749741878
2.39938436920181
2.34503903434889
2.29235406316687
2.24195470176382
2.19444675094698
2.1503940204852
2.11030513007234
2.07462085144039
1.85304315884175
1.83660910491486
1.83654198537214
1.84353590126503
1.85672731769441
1.87560245139263
1.89964193133524
1.92832543337096
1.96114112454964
1.99759164112422
1.92936127794165
1.94892410789731
1.9809780485046
2.0212247221879
2.06815557034915
2.12081902350872
2.17832050507897
2.23980786249411
2.30447098773159
2.37154139077294
2.46840163273525
2.58169859668855
2.68703192248576
2.78319293857734
2.86995297682358
2.94716606457582
3.0147936610811
3.07292256124834
3.12176803733865
3.16166360489363
3.26880196181563
3.23529523587765
3.19900020420602
3.16644076529939
3.13760870717979
3.1120298868389
3.08937850858296
3.06943917797547
3.05206681032344
3.03715820945169
3.07250185151582
3.11188006758276
3.14270208286423
3.16494273477413
3.17917557846236
3.18603872665516
3.18620087447807
3.18034795716432
3.16917169004414
3.15335994565414
3.09202507450498
3.04142131686587
2.99519308067377
2.95303601657088
2.91519445327165
2.88186536290513
2.85318832405446
2.82923953756986
2.81002846101636
2.79549886851688
2.77549838161886
2.79287713781141
2.81147151552211
2.82950954812275
2.84693239243194
2.86379420157937
2.88015849616448
2.89609095539442
2.91165724016623
2.9269214818158
2.98883829540637
3.01660886509274
3.03896634147503
3.05769596320172
3.07325425092853
3.08600492983153
3.09629975887579
3.10448058433301
3.11087708131822
3.11580460542419
3.21023000216352
3.21066940334356
3.20469474912327
3.19712046205153
3.18868725955396
3.17979650251314
3.17080262720224
3.16202809627838
3.15376467704435
3.14627383918941
2.98128310243805
2.97043345282252
2.97254951931427
2.98021880753827
2.99253905768859
3.0091189330711
3.02957606275753
3.05352405787084
3.08057733315919
3.11035556168905
3.18983012629171
3.24515268327633
3.29603521750791
3.34336520094893
3.38725399150945
3.42778488760581
3.46505339597018
3.49916858027819
3.53025193482238
3.55843575947994
3.48015787962811
3.48157457246084
3.49061215098021
3.50347104288694
3.51944318169027
3.53812641357488
3.55914035893252
3.5821156391061
3.60669407954947
3.63253002862848
3.74259469420403
3.79860705714296
3.84489421567889
3.88370525778466
3.91552359522885
3.94077749335492
3.95992614255276
3.97345387621463
3.98185929859364
3.98564578846736
3.74699678849783
3.72845324277903
3.72402107976115
3.72399295933653
3.72781445424728
3.73514072952208
3.7456086006002
3.75884552411582
3.77447789210136
3.79213772555432
4.05280693343867
4.06909568243808
4.07215546353264
4.07223287028384
4.0702144050913
4.06640048677051
4.06106645692984
4.05448173720057
4.04690918374139
4.03860358396003
4.14436600881479
4.13888533435914
4.12532232538944
4.10883102540658
4.09020996577372
4.07002056339254
4.04878885944956
4.02701124134149
4.0051531892545
3.98364736633989
3.8494066581988
3.81039363905647
3.78314433086876
3.76380792655772
3.75200072609651
3.74729552470286
3.74917329898185
3.75705638923422
3.77033732036521
3.78840252477549
3.81978503923772
3.87469300485436
3.92744970460308
3.97683409210803
4.02284193898443
4.06557572364649
4.10515544469278
4.14171285486807
4.17538958808202
4.20633506881014
4.12759175829834
4.09332283984166
4.07432442253787
4.06825024518377
4.07359033604362
4.08908451447542
4.11348620343272
4.14555906458382
4.18409276487085
4.22792175097406
4.25206970097288
4.32421795456758
4.3960912206764
4.46510552857193
4.53067573656765
4.5924222018622
4.6500246383475
4.70321600949863
4.75178319084561
4.7955676774274
4.94812945722031
5.02012822421348
5.07302964189603
5.11038443532345
5.13362560799016
5.14418129408819
5.14348246038065
5.13291159995532
5.11376962667313
5.08726310469554
5.11090840768331
5.05701869277055
4.99751227430914
4.93667656075536
4.87524302961048
4.81391546766124
4.75337407432232
4.69425745725352
4.63714842603795
4.58256117313428
4.42342562880247
4.38401154407466
4.35379403802301
4.32730981126008
4.30432820321661
4.2846997774987
4.26827641001854
4.25491370847931
4.24447298215527
4.23682198355548
4.16426280143824
4.15557409140324
4.1549260965109
4.15913867393329
4.1675656271925
4.17976347658067
4.19532801412851
4.21388385694983
4.2350805154351
4.25858888057737
4.33393618539071
4.37381991977288
4.40945936016835
4.44250540695016
4.47318897895806
4.50167169113104
4.52810378494998
4.55262843875455
4.57538199232293
4.59649376196632
4.91250668531358
4.90825869816061
4.88727551455833
4.86412387797763
4.84043396530364
4.8166958280463
4.79329317435389
4.77056060381996
4.74879151682194
4.72824039773205
4.41265915454946
4.38428229330376
4.37935208484758
4.38453431189915
4.39799527874019
4.41850050491871
4.44490698597711
4.47616723105358
4.51133289741228
4.54955008328476
4.50778952193252
4.55933513079707
4.61579622995687
4.67237159357431
4.7282122815014
4.78280839202358
4.83570920336731
4.88650805202992
4.93484216697207
4.98039413269356
5.2638847380454
5.31263625359293
5.33958360303444
5.35509052952983
5.36089610371334
5.35834590894389
5.34863080846059
5.3328148813939
5.3118476598739
5.28657881817263
5.16850067174679
5.10395745596167
5.04943361967722
5.00213464074214
4.96170593618344
4.92771509138885
4.8996710339227
4.87704080164904
4.85926785066797
4.84579191981716
4.71484190544308
4.72668606731359
4.74603005151345
4.76573268696229
4.78513691551225
4.8039983294345
4.82213784423723
4.83941455779003
4.85571802587326
4.87096338945244
4.95675648779552
4.95822283898653
4.95561563785962
4.95288880315772
4.95026131170525
4.94770769108584
4.94519784407916
4.94270783119901
4.94021968561702
4.93772074969006
5.07303765538202
5.11183619492836
5.13347284267834
5.14321311857948
5.14276565007768
5.13363883858554
5.11723718206952
5.09485570439046
5.06767250091337
5.03674875000061
4.79958331766699
4.75898271398805
4.73237415905757
4.70998795515596
4.69112013902717
4.67553814403943
4.66304168717786
4.65344161321181
4.64655877963428
4.64222334379588
4.93762882628752
4.91941687325209
4.88612463868277
4.85323202118771
4.82210731579824
4.79307207385572
4.76634344270469
4.74208735889434
4.72042545051297
4.70143889717098
4.49121512110378
4.48327054502405
4.49037342171117
4.50233551110343
4.5180071657666
4.53688067902932
4.55852019225476
4.58252623674944
4.60852858662336
4.63618179708353
4.28630731529803
4.30636127613348
4.35542588835557
4.41459584288515
4.48048730459883
4.55165811298439
4.62691976413174
4.70520064704492
4.78549750177684
4.86684778394384
5.39191785861701
5.48939318760351
5.55392774792437
5.60101865165745
5.63169178875783
5.64853637197865
5.65385613468397
5.64961871444968
5.63746871913672
5.61877230221428
5.58246956909672
5.54359926293591
5.50428261642123
5.46478824836366
5.42538178716142
5.38630813537731
5.34778837972933
5.31001774031145
5.27316453550269
5.2373702925978
5.13684583543123
5.12397410106243
5.11285896923889
5.09939241985892
5.08375706100535
5.06636994473468
5.04762628532326
5.02788744447647
5.00748288422476
4.98671243090037
5.07656595504589
5.04650326324586
5.01083020268622
4.97594697106954
4.9424626081624
4.91062182547776
4.88061396273623
4.85259231197516
4.82667815163349
4.80296391413617
4.61221651563288
4.57277460520715
4.55190109535693
4.5412275413904
4.53902516836197
4.54412847947112
4.5555104845416
4.57226034692982
4.59357178332372
4.61872915753758
4.68701371944334
4.72518423792785
4.76200274576875
4.79854306885421
4.83466477436618
4.87018347086755
4.90492402782337
4.9387240715472
4.97143497977146
5.00292255079562
4.92677448698355
4.95624200882688
4.99134601646476
5.02660759332883
5.06137063912429
5.09528623337459
5.12805724760831
5.1594236840415
5.18916116313345
5.21707988344544
5.46839040374805
5.48935356247345
5.49197326925972
5.4878898698615
5.47862902200934
5.46507305806333
5.44795192980601
5.42789798551092
5.40546561612382
5.38114493371737
5.25383943029508
5.20647984233325
5.17053168750246
5.14124180767375
5.11780690751468
5.09951339897471
5.08567378254636
5.07564163027302
5.06882129415665
5.06467308747367
5.06508965429621
5.10721520284313
5.14135220503865
5.16626734542628
5.18299940326066
5.19258120680597
5.19595957503904
5.19400549947535
5.18752064124123
5.1772399624087
5.21078673049691
5.18321812542737
5.1526102536275
5.12239857915812
5.09300497535915
5.06464372252592
5.0374871774418
5.01167807866047
4.98733300242026
4.96454511020336
4.97437857197396
4.9486295182435
4.92437079602106
4.90320408573191
4.88504816439392
4.86973792325219
4.8571075027023
4.84699547127697
4.83924582258345
4.83370836482497
4.73383215679774
4.71641945782157
4.71011024242736
4.71045181331238
4.71634901265067
4.7270138071136
4.74174395728808
4.75990631093977
4.78092916562134
4.80429520750823
4.69255215348994
4.78111615866772
4.86736740255259
4.94222865823015
5.00710121007912
5.06272229927626
5.10975766574697
5.14888108160485
5.18078720405296
5.20618314292485
5.47160085868384
5.44194982181605
5.39968695366112
5.35969869530182
5.32276585654777
5.28873683101818
5.25746576093024
5.22883100070099
5.20272102706243
5.17902532191763
5.0978252997926
5.09759551716843
5.09991941920988
5.10082260721856
5.10030039987323
5.09856914096165
5.09583833297146
5.09229855649353
5.08812219226535
5.08346468009208
5.11517610251712
5.11296348296964
5.10675623293749
5.09880364696165
5.08960129352845
5.07949331569961
5.06877838476268
5.05771962228747
5.04654784272666
5.03546423661259
4.83726714694775
4.82777274304674
4.83256489925313
4.84138945275134
4.85314273165662
4.86731742649293
4.88349028631517
4.90128513217903
4.92036374811744
4.94041991417747
5.28462523335032
5.2887592053733
5.27350397122998
5.2558455222647
5.23728301839384
5.21827339007108
5.19914889347124
5.18018397005791
5.16160840980192
5.14361435926936
5.12709821229183
5.10286754634755
5.0813159059968
5.06275021307037
5.04700054039863
5.0338731407178
5.02317393025351
5.01471120413531
5.00829754614824
5.00375149633523
4.9205521899563
4.97577792126652
5.02650433798777
5.06646407355334
5.09680975739789
5.11876424429382
5.13343773029806
5.14185110798836
5.14494841903425
5.14359813096726
4.85791943099995
4.79884727235638
4.76799265894369
4.75236326574779
4.74940601810088
4.75722326451655
4.77406748235238
4.79836347456141
4.82871741199894
4.86390627400027
5.15872423772346
5.19142311445612
5.20984948686697
5.2270856313134
5.24386153224586
5.26002903652962
5.27541991344823
5.2898895019183
5.30331679759357
5.31560241431926
5.45041959508859
5.46614607976178
5.47075577449469
5.47055366171904
5.46644362056255
5.45896850445031
5.44860052379638
5.43576429211109
5.42084355451534
5.4041860630688
5.13435455158984
5.09713523549427
5.07971704139781
5.06955737449758
5.06523167171637
5.06570241121274
5.07004407220128
5.0774421713938
5.08718929413518
5.0986763155227
5.04083669825624
5.07352326884391
5.10917652595087
5.1421788674567
5.17226386394099
5.19947181037059
5.2238626161121
5.24550144078437
5.26446005751402
5.28081790738196
5.48734049638855
5.52955229653417
5.54940869213717
5.55629029269849
5.55242114679418
5.5396289347834
5.51951927769075
5.49349087729517
5.46274867281104
5.42832542351207
5.12674574507874
5.04620716441033
4.99052140990505
4.94725052740781
4.91481649026298
4.89174517852529
4.876633316477
4.86820921706176
4.86535614877274
4.86711335992111
5.09350244061975
5.13624684714653
5.15938224901166
5.17346230866846
5.18009395319814
5.18047511283274
5.17566575302643
5.16661433768353
5.1541641074295
5.13905918986465
5.09771340808188
5.05237484247222
5.01306727255399
4.97993417881198
4.95241245702912
4.9299447579695
4.91202044553035
4.89817356890927
4.8879803387546
4.88105665363423
4.77908473964333
4.95597149414124
5.12505757171032
5.27989969265932
5.42119237413456
5.54983503842243
5.66670018686219
5.77262054105737
5.86838160092409
5.95471212066724
5.96687976010995
6.01057879658065
6.05659834243548
6.10272849175078
6.14816534024385
6.19225441465156
6.23435901686301
6.27384748385367
6.31008949690141
6.34245563068853
6.46355052544314
6.47276110162025
6.47314743542108
6.46932524613023
6.4609138162476
6.44722357730632
6.42762308973821
6.40156062467163
6.36856977049512
6.32827406947804
6.21865457195807
6.19928785953914
6.16795172077219
6.12015193166884
6.05671170653408
5.97893559348718
5.88819323922888
5.78585713420987
5.67327744940684
5.55176949857481
5.44293904935921
5.28790770325328
5.1306200165675
4.97416958935074
4.81893572018124
4.66530570105467
4.51367400515147
4.36442314435932
4.21791309072011
4.07447496684426
4.06736142099054
3.95850322379749
3.83542963548402
3.70643966353148
3.57432536706763
3.44094161488218
3.30782804042022
3.17628235470968
3.04738765277827
2.92203397970873
2.76365520805053
2.62193328677574
2.49566921852262
2.38294670265595
2.28232767802062
2.19254097754487
2.11247958012381
2.04120028919621
1.97790772346377
1.92193026403019
1.9156297999811
1.86763845076876
1.82240381840459
1.78294711319096
1.74909557945619
1.72051320263722
1.69686019295822
1.67779761786263
1.66298498185638
1.65207850971037
1.47941429348941
1.48318484165595
1.50104870477734
1.52171215713178
1.54424609943816
1.56820531061062
1.59317052561996
1.61872787881766
1.64446967841984
1.66999700469742
1.89906283844102
1.91594218522419
1.91718947564907
1.9150173223419
1.91003294248307
1.90246795863592
1.89249038235373
1.88023080520377
1.86579219962976
1.84925713083484
1.92513707579483
1.93048790713763
1.91975999267398
1.89856828645537
1.86825750335252
1.83043918711734
1.78657398438718
1.73792287396448
1.68555418428742
1.63036009344433
1.48706953774935
1.42119214262826
1.36397679219601
1.30973229786787
1.25739171030173
1.20656857260611
1.15700227930063
1.10849852429673
1.06091372310632
1.01414561281907
0.732058302539395
0.695325421559144
0.677269248138089
0.660803237442886
0.644420040179511
0.62808207411356
0.611833789016308
0.595709423183983
0.579730866834295
0.563910532853126
0.659560164922281
0.637491169702481
0.60863383072959
0.580498999759198
0.553886680201563
0.52848599787722
0.503976602841988
0.480102954034821
0.456667524570993
0.43351828091525
0.539872522383141
0.503274632197758
0.458504074472727
0.414984271941515
0.373962189014585
0.335030330658114
0.29777165705543
0.261868154411146
0.227088176992052
0.193264553575199
0.226065014242386
0.193846176943692
0.157856668965706
0.121924378018932
0.0861781598849829
0.0507316442269229
0.0156812103496312
-0.018894335762424
-0.0529299091335072
-0.086371464419256
-0.0619253702552793
-0.102714253609829
-0.145683010194322
-0.187063862367374
-0.227170056028675
-0.265857208715583
-0.303004893269333
-0.338538599183503
-0.372416572312935
-0.404623335615665
-0.734476746845295
-0.748641137061356
-0.745052884046634
-0.74000261823123
-0.732960698561329
-0.724353536917655
-0.714575003400814
-0.703958803550577
-0.692796930531459
-0.681349333718031
-0.522459722996846
-0.524815134173337
-0.534319928721592
-0.542918126011744
-0.551524874590353
-0.56027842967613
-0.569289582773708
-0.578679572898492
-0.588569332735652
-0.599075766514245
-0.735440996026073
-0.733686368724573
-0.725814865431448
-0.71969512342959
-0.716373002605795
-0.715767445536284
-0.717748346872235
-0.72220192105154
-0.729031755462864
-0.738153669135953
-0.614805334327785
-0.621875802209595
-0.641960710329803
-0.667592863444384
-0.696830238292047
-0.729354015813197
-0.764956266485242
-0.803432598660173
-0.844566859011044
-0.888131379298057
-0.864400344674011
-0.918531952947502
-0.977143654756261
-1.03653261167801
-1.09641476153414
-1.15660292853521
-1.21689765667568
-1.27708617006166
-1.33694624501004
-1.39625041604839
-1.59515014887357
-1.66717992341231
-1.72855735890722
-1.7838554261059
-1.832435793934
-1.87467681145743
-1.91103345730622
-1.94199929187318
-1.96809265466627
-1.98983836735183
-1.90997566614098
-1.92072327144164
-1.93526576645258
-1.94979060172563
-1.96407666618957
-1.97814644491495
-1.9920411347655
-2.00580758578101
-2.01949677651938
-2.0331629906171
-2.24007598760467
-2.25499183530346
-2.25799917618452
-2.25757288428024
-2.2545510854753
-2.24963813742709
-2.24345619862685
-2.236562102156
-2.22945245574124
-2.22256774812102
-2.05402684319214
-2.03413576849957
-2.0291550963439
-2.03192436348255
-2.04091519899407
-2.05554751333229
-2.075328171877
-2.09980427185623
-2.12855451973465
-2.16118483048436
-2.30625026215814
-2.35394810367067
-2.3966096162627
-2.43835801734654
-2.47935383612666
-2.51968202272835
-2.55941296486557
-2.59860897888514
-2.63732504647926
-2.6756090463647
-2.55384462075845
-2.57601210959354
-2.61039925988185
-2.65051738650858
-2.69503538815047
-2.74326593814885
-2.79458677714138
-2.84841288854697
-2.90419242072274
-2.96140531388194
-3.16057415964903
-3.24175152402079
-3.3111350136703
-3.37321291325984
-3.42832185085897
-3.47695287683034
-3.51962826538272
-3.55688855338793
-3.5892777629783
-3.61733082157216
-3.48047152585574
-3.50485091506979
-3.53587483483619
-3.56684985534361
-3.59735985250672
-3.62734042098331
-3.65675382981134
-3.68557021477123
-3.71376630818636
-3.7413251095493
-3.93052905411762
-3.95238858827835
-3.96398964779701
-3.97225772512757
-3.97807846227256
-3.98196681409752
-3.98437370067661
-3.98570776178483
-3.98633859307649
-3.986598768542
-3.89565299071433
-3.90584110331782
-3.9205289816902
-3.93561754573422
-3.95094053905311
-3.96655216250797
-3.98251225218531
-3.99887427780661
-4.0156846998183
-4.0329829991638
-4.04826141998102
-4.04292336307957
-4.04249832261783
-4.04762729186604
-4.05789333138714
-4.07281422170031
-4.09191481273192
-4.11473369564473
-4.14082645534841
-4.16976781938611
-4.2007989468235
-4.23678777065953
-4.27436473019355
-4.31309062437902
-4.35264217663921
-4.39273327427906
-4.43309859943149
-4.47349235984003
-4.51368810810107
-4.55347868141084
-4.44787804358795
-4.535858850161
-4.62262892853034
-4.70096600747091
-4.77108932969057
-4.83329844590639
-4.88794404412367
-4.93542237490062
-4.97617432355096
-5.01067730937817
-5.16804552077323
-5.14124017309184
-5.11125186905829
-5.08526962623951
-5.06354703482499
-5.04592757865442
-5.03223250136065
-5.02226494331819
-5.01580732600644
-5.0126227569454
-5.06552887956817
-5.07630892290623
-5.08420653243938
-5.09084220717295
-5.09649409890888
-5.10133165830129
-5.10550891455193
-5.10916969215613
-5.11244761902594
-5.11546594693172
-5.21366636096223
-5.223692914992
-5.22629354262812
-5.22522486083044
-5.2212560647815
-5.21495362158307
-5.20683410364444
-5.1973736453013
-5.18700839116534
-5.17613489722357
-4.94133701344645
-4.92191064210283
-4.91909110059597
-4.92396486896912
-4.93514964538846
-4.9518539012688
-4.97335203158003
-4.99896755998314
-5.02807079481447
-5.06007516962598
-5.13614432232606
-5.14729837454689
-5.16137698402683
-5.18042083751783
-5.20398006453932
-5.23132355863729
-5.26175057074088
-5.29460154774951
-5.3292583629008
-5.36514386772993
-5.52826676653454
-5.56755616604924
-5.59836096510086
-5.62512000687105
-5.64815241026609
-5.66763138939508
-5.68373384147952
-5.69664653866652
-5.70656289174622
-5.71367981300257
-5.67620467096592
-5.67794221289424
-5.68015122221783
-5.68128275266855
-5.68126707603485
-5.68013926796869
-5.67794323924535
-5.6747266536549
-5.67054020060021
-5.66543711521891
-5.75319127846959
-5.75217636166148
-5.74335635312925
-5.73065504786121
-5.71475841601553
-5.69616764332557
-5.67534519924294
-5.65272243024541
-5.62869937927913
-5.60364465501433
-5.59395696829019
-5.58430490226388
-5.5702146618867
-5.55218996125168
-5.53088835441921
-5.50694081725293
-5.48093907687798
-5.45343213388235
-5.42492426685532
-5.39587410667281
-5.154040995093
-5.12386682692618
-5.1098354523853
-5.10181805428702
-5.09818390780575
-5.09834628043587
-5.10182173064456
-5.10817669574879
-5.11701698464517
-5.1279809387669
-5.35873369125202
-5.37399452601345
-5.3759292636099
-5.37424449458695
-5.36925753566313
-5.36151728332006
-5.35152878162576
-5.3397492279163
-5.32658856690213
-5.31241045114105
-5.05998855434152
-5.05672781173168
-5.0674392177132
-5.08019108861503
-5.09409795332701
-5.1088610412817
-5.124224180417
-5.1399446780557
-5.1557917437535
-5.17154666078486
-5.37042621165904
-5.34252688832276
-5.30751833495902
-5.27661669907517
-5.25174386981
-5.23208374378318
-5.216809812534
-5.2051936186964
-5.19659853544171
-5.1904624073057
-5.22038791367304
-5.25325207458848
-5.27811622151715
-5.29525063377772
-5.30518413726623
-5.30839172390385
-5.30541844735376
-5.29685367335893
-5.28330426342707
-5.26537281018714
-5.15932697357553
-5.15805464023403
-5.15515942967751
-5.14613854606572
-5.13212013627888
-5.11364167127244
-5.09122784418425
-5.06540030662295
-5.03666368645543
-5.0054971621931
-4.9198087199373
-4.89316551447723
-4.86798876991181
-4.84122614714266
-4.81330417018266
-4.78447610948582
-4.75497390410431
-4.72501499856767
-4.69480133808735
-4.66451915016934
-4.87538631104763
-4.79381284440238
-4.70077412017042
-4.61419995747126
-4.53951246197348
-4.4752130329802
-4.41968253103378
-4.37155895433322
-4.32975448064122
-4.29339480231204
-4.10044346608035
-4.08958803687227
-4.09079670995527
-4.09392001350182
-4.09823174313138
-4.1035882358525
-4.10986296347063
-4.11691703782257
-4.12460090764199
-4.13275750277407
-4.17107045862446
-4.18649186978887
-4.19811178859966
-4.20730981486593
-4.21404522555016
-4.21845043161402
-4.22066949238789
-4.22084333719473
-4.21910561925643
-4.21557967731365
-4.04546893322135
-4.0270610581804
-4.0250141005901
-4.02934383095355
-4.03632650198132
-4.04503211737463
-4.05483773862978
-4.06522229375745
-4.07572098667189
-4.08591412289029
-4.27840167632874
-4.27307290758236
-4.25408711152079
-4.23245471724592
-4.20973532893923
-4.18590861525401
-4.1608769325822
-4.13456199192974
-4.10691147870533
-4.0778963889547
-3.97472882083363
-3.95837126961703
-3.94362977454748
-3.92547142561169
-3.90408188432269
-3.87966196728094
-3.85242327004113
-3.82258389254673
-3.79036437467823
-3.75598488779107
-3.68821985582996
-3.65160420703486
-3.61424317223356
-3.57501423195526
-3.53424814351267
-3.49226070714306
-3.44934555395315
-3.40577347043112
-3.36179221741203
-3.31762716095282
-3.36828797815141
-3.31390972311646
-3.25463904507688
-3.19667172439223
-3.14085974306681
-3.08715627349718
-3.03547997512845
-2.98576923893024
-2.93798154174355
-2.89208782551142
-2.62770291072005
-2.60061685953973
-2.58984902829896
-2.5813334168081
-2.57387133359152
-2.56739420410838
-2.56186397246878
-2.55721390533672
-2.553352608474
-2.55017023348019
-2.45648643361741
-2.4492045800402
-2.45169300132916
-2.45808281956996
-2.46614816590653
-2.47541325943065
-2.48554650234886
-2.49623190303219
-2.50715057626097
-2.51798479995112
-2.58177961136032
-2.60374964952027
-2.618760631237
-2.62901345425665
-2.63382143634452
-2.63337515500899
-2.62796439823449
-2.61790931022448
-2.60354966138271
-2.5852293300249
-2.85991798044642
-2.81595946121631
-2.75080828705831
-2.68169478047295
-2.60919030100201
-2.53436347538115
-2.45805670442377
-2.38092605021259
-2.30349221793404
-2.22617691952897
-1.97905404971119
-1.90948054550044
-1.85550930222205
-1.8056697211824
-1.75692796212966
-1.7092054579041
-1.66265026023191
-1.61741435976948
-1.57362232350461
-1.53137365522868
-1.58947521869802
-1.54654646728023
-1.49868468190625
-1.45190103861944
-1.40648414721972
-1.3625740972455
-1.32027852950893
-1.27968166980553
-1.2408473338443
-1.20382092390701
-1.05737260649674
-1.03152882745467
-1.01482563774056
-1.00011222041639
-0.986971443109744
-0.975308315418387
-0.965035962629552
-0.956057907612575
-0.948268119494847
-0.941552199734599
-0.990527351630117
-0.983511634794602
-0.973600606725307
-0.963870570916348
-0.954106061419327
-0.944279443113268
-0.934364124790749
-0.924323276781754
-0.914112572233137
-0.903681989874494
-0.983894990222685
-0.966541414184297
-0.94287414254958
-0.918677831049618
-0.894701362024254
-0.870809898680017
-0.846842741947984
-0.822669522379222
-0.798190337498627
-0.773330642417363
-0.645408876961961
-0.625369865483961
-0.611549264481281
-0.597545175668849
-0.582937083072162
-0.567692433332749
-0.551803002849765
-0.535262395585267
-0.518065212667186
-0.500207465208699
-0.553417700990712
-0.5296466233971
-0.500832465053259
-0.47126752362906
-0.440680061288
-0.409248679756682
-0.377150412064831
-0.344535935279236
-0.311536046153864
-0.278265028002169
-0.200917920941337
-0.172863324507991
-0.148207765430933
-0.123663874507101
-0.0985280011118361
-0.0728430874429406
-0.0466983271153729
-0.0201756833444985
0.00665410540428583
0.033728675880484
-0.206740770272872
-0.161226023279069
-0.098900342595808
-0.0364175904171517
0.0262459731545325
0.088646136501527
0.150413498181151
0.211259473958369
0.270951679558787
0.329298175014291
0.579954542174014
0.627991654190743
0.663023654552389
0.69576433058596
0.724630490438643
0.749941027649537
0.772060382160502
0.791296714793943
0.80792450174863
0.822191053502759
0.774485780130453
0.777443619800008
0.785831461146945
0.796218171981528
0.807067976525766
0.818014914960612
0.828897456022705
0.839640232515207
0.850211023465903
0.86060503724271
1.01974807458105
1.02374231761957
1.01773112921918
1.01082557587454
1.00315034723985
0.994990685283823
0.986609391559116
0.978239125553452
0.97008911737032
0.962349314851602
0.884744547490711
0.883180744222186
0.887081792119434
0.892035923896173
0.898011352811592
0.905072719023453
0.913283913826639
0.922701819983273
0.933374841285705
0.94534221950551
0.893709989532227
0.914480405054743
0.941086150706086
0.969040298431469
0.997927767335874
1.02770217929814
1.05832923973558
1.08976402740999
1.12195109513154
1.15482603989169
1.44846995779313
1.46428430377422
1.46336746249766
1.46232098395496
1.46194630080507
1.46240315699113
1.46377438213216
1.46611432526792
1.46946009539707
1.4738373280122
1.33341202053985
1.35204420214653
1.3803363225665
1.40903252018126
1.43832967832787
1.46816091908276
1.49845292401978
1.52914228439918
1.56017055541779
1.5914816924186
1.73375381279826
1.76182110321114
1.78243676739062
1.80229108204998
1.82148890181984
1.84013686034835
1.85832623284343
1.8761329866129
1.89362124811348
1.91084562433205
1.68127595817608
1.70482674749225
1.74813143723843
1.79485372527777
1.84171971685612
1.88855053791542
1.93534965071471
1.98209157788
2.02870896774143
2.07510373324
2.16581616868462
2.21188526028573
2.25343152826996
2.2931358106921
2.33083312956712
2.36658541111729
2.40046491879006
2.43253848431208
2.4628677918383
2.49150945463216
2.87771975073332
2.88623026478835
2.86929442879263
2.84868794724805
2.82596810075356
2.8017393325077
2.77642335609792
2.7503554515489
2.72381675241108
2.6970533090546
2.07940580350725
2.08445141292078
2.13164916475164
2.18242273472623
2.23283920154593
2.28279854392394
2.33241640438366
2.38177449321942
2.43090692221515
2.47980592394812
2.69242999284323
2.72985997660672
2.75599027385557
2.7811239457926
2.8057987170824
2.82999773593121
2.85367265556726
2.87677645795375
2.89926586435841
2.92110177415534
3.13920892690261
3.14353281496347
3.13459988608267
3.12500864441085
3.11624063432348
3.10821760994116
3.10079980849373
3.09388060716532
3.08738779242053
3.08127735288916
3.07703738986228
3.07689583565387
3.07619839785718
3.07469127800886
3.07255031831853
3.06995573657376
3.06707805584664
3.06407707122919
3.06110190434196
3.05829118646851
3.03561007732198
3.04708685265986
3.05737378567961
3.06510810627105
3.07095870282363
3.07529278076224
3.07846224941986
3.08080674084858
3.082643376786
3.08426190519943
3.16820628250836
3.15267498741634
3.13444961821508
3.11969684661191
3.10905929412129
3.10215008898535
3.09859081336163
3.09806637597145
3.10031497412892
3.10511452921457
2.95443484816303
2.96780422159737
2.99610062433249
3.02885888064755
3.06389590459169
3.10085206477957
3.13948982802042
3.17957204905787
3.22085238064157
3.26307910127554
3.11856773449091
3.18104272279743
3.25341293561832
3.32390376504372
3.39273133776896
3.45970438531346
3.52462513876297
3.5873166009861
3.64761871088202
3.70538770110971
4.09552575481588
4.14858033785936
4.17629671359329
4.19557901129345
4.20467714647907
4.20526138884221
4.19889213365068
4.18688303620867
4.17034478169438
4.15021121092813
4.16281533743276
4.1147602893397
4.06684907529513
4.02307476277082
3.9836112469548
3.94790588526198
3.91548981437196
3.88600421779546
3.85917892725734
3.83481155393483
3.74798844230383
3.73913697434943
3.73555067536477
3.73245597196749
3.72980161105106
3.72772410175703
3.72635656926291
3.72581743757895
3.72620989343728
3.72762219476719
3.51091564226022
3.52414183147649
3.5539723316862
3.58637637652287
3.62025785529287
3.65545554796376
3.69184615127989
3.7292914968596
3.76763883795858
3.80672412373756
3.92887591661371
3.95086454850814
3.96898002987112
3.98948332888242
4.01278850680473
4.03839183997876
4.0657981192882
4.09457000967384
4.1243213635205
4.15470832714198
4.40641271524083
4.44465372601153
4.46552756894875
4.48073122254265
4.49050205177477
4.49561331740338
4.4967793067302
4.49462705065872
4.48970511570943
4.48249189522166
4.34337235412262
4.33159767363842
4.32988619114833
4.33019206782581
4.33142741022654
4.33337874787334
4.33591704751809
4.33893964682381
4.34236257830955
4.34611749710142
4.21666325307906
4.21317277548893
4.22337056275931
4.23872108969481
4.25700854277944
4.27759582554253
4.30003013276996
4.32392527655819
4.34893886522763
4.37476417557443
4.57292903981582
4.61007582985151
4.63196793313308
4.64817272843967
4.65865215661642
4.66422392553351
4.6656826156539
4.66374014086295
4.65902777932292
4.652099314656
4.292148113884
4.28969728976481
4.31461717072837
4.34403372053983
4.37490702682098
4.40684331859554
4.43961980500254
4.47302017743493
4.50682437989002
4.54081091629144
4.7197134831964
4.75734194499374
4.78308828047495
4.80485956896698
4.82272129981721
4.83705318610929
4.84822272316995
4.85656405261446
4.86238026659791
4.86594526240313
4.98087423968791
4.96122866461334
4.93496381954637
4.90997001376503
4.88682094516969
4.86530666453983
4.8452163714983
4.8263780008446
4.80865363685145
4.79193342363021
4.80024269327008
4.79180280953234
4.78153621477741
4.77029517249026
4.75830505106665
4.74575479251369
4.73281827172218
4.71965578975756
4.70641480487234
4.69323059403374
4.64881279382046
4.6345400198721
4.62334120417944
4.61352307642224
4.60495877624457
4.59759551447399
4.59138844221258
4.58629594721556
4.58227829625777
4.57929666393537
4.65734124256471
4.64634400249672
4.63141002126689
4.61803222732118
4.60635956159158
4.5963406738013
4.58791145195134
4.58100518716936
4.57555342218249
4.57148610515492
4.56968298596137
4.55575058237395
4.54689362800391
4.54299339871907
4.54329198841379
4.54713272112554
4.5539486058194
4.5632439809136
4.57458061192605
4.58756742282222
4.37523159638256
4.43703444249029
4.50364128953712
4.56159133290654
4.61434334795898
4.66195775350168
4.70443155065103
4.74187357654544
4.77445780497945
4.80240994176987
5.01656893999062
5.02675596845595
5.02150811889145
5.01193747171777
4.99806475740748
4.98069319094573
4.96053528884348
4.93818688845943
4.91414940172884
4.88884578707563
4.96005385137308
4.94454795038596
4.91920704945953
4.88957185496594
4.85625014063739
4.82007231938332
4.78179150373949
4.74206943823059
4.70148562567991
4.6605458101642
4.63257320917228
4.5839444415839
4.53721275084354
4.4936488856064
4.45320817306543
4.41581432489379
4.38139781871681
4.34989592689431
4.32125106658488
4.29540895240572
4.12039669968493
4.08338233031026
4.06483886652243
4.05560362066771
4.0536645377081
4.0580783971381
4.0680797555123
4.08299551077866
4.102218457081
4.12519037184083
4.17202302646662
4.21560010468175
4.25684990994978
4.29616157626325
4.33343853790938
4.36863949974547
4.40173502338889
4.43270441444343
4.46153664495403
4.48823006784419
4.63640529902219
4.66465307469007
4.68077263417124
4.69171658395043
4.6976086273198
4.69907342199972
4.69670936096688
4.69104947059692
4.68256513817209
4.67166992868485
4.5854323618402
4.57169088185684
4.56165956946646
4.55102086647187
4.53981054265105
4.52808520992238
4.51589614086313
4.50329209747179
4.49031939962193
4.47702226141825
4.62192165289095
4.5983993597574
4.56416981630059
4.53003379680652
4.49635801307125
4.46324780267847
4.43078234534272
4.39902727292739
4.36803940866003
4.33786938741654
4.07061069558636
4.02583487650224
4.006441608336
3.99612177532589
3.99205900422697
3.99318803600905
3.99869679863304
4.00789387000005
4.02017599626427
4.0350081699719
4.05555593241067
4.05377935593419
4.05600050388471
4.06370451924461
4.07611846454749
4.09229280384877
4.1113908928268
4.13268445126074
4.15553419931453
4.17937454968624
4.27250388877545
4.33216112659442
4.37963115459682
4.41723925311234
4.44554553328017
4.46527291111896
4.477216889198
4.48219262220008
4.48099987646415
4.4743969674968
4.40528638494821
4.40546535052418
4.40306395593385
4.39424063684442
4.38002912299752
4.36121912386914
4.33851212111104
4.31253710557988
4.28385236997175
4.25295054126937
4.4980933145157
4.41059987503145
4.3087196838983
4.21622366862755
4.13405282296966
4.06070048597156
3.99483322320473
3.93537195313346
3.88143800688748
3.83231339699243
3.64011733407196
3.61013045486655
3.59318521843835
3.57769101639911
3.56337497953398
3.5503099696816
3.53855136129837
3.52813160819905
3.51906345648763
3.51134310140809
3.54019285973916
3.54967826437395
3.55448284740159
3.55654886651251
3.55635103457074
3.55434266754513
3.55092486671391
3.54644433848885
3.5411985432959
3.53544028976183
3.4091626705371
3.41702937897558
3.43228249390204
3.44512003553423
3.45632571588817
3.46621423080986
3.47499415288211
3.48283700531846
3.48988201684139
3.49624077258378
3.32713246772361
3.32277472430228
3.33591295014273
3.35306715867977
3.37297614209857
3.39507768214725
3.41888920785466
3.44397056432336
3.46991607395448
3.49635006026099
3.84114451436426
3.8476520992783
3.82956228497745
3.81147100324281
3.79455733503375
3.77853163226885
3.76307701508699
3.74792878449292
3.73287006471959
3.7177246191341
3.62747040936076
3.64593102927651
3.66324479955971
3.67198833485139
3.67346439898456
3.66866743257256
3.65847247520892
3.64366929576292
3.62496405208166
3.60298299410802
3.34329953854953
3.31699490690699
3.31016102931335
3.30388497274352
3.29744166430894
3.29083581433975
3.28408947107014
3.27721617636967
3.27022154860001
3.26310540950899
3.41409377949351
3.40304774327415
3.37861345957861
3.35336955964891
3.3276899786731
3.30170697270653
3.27553972115545
3.24929299721368
3.22306078744022
3.19692849834742
3.32399881992972
3.25596171870035
3.1819580054656
3.11744890549211
3.06238802870693
3.01530329559824
2.97490869955725
2.9401575861185
2.91019721851949
2.88433021387887
2.68751225375059
2.68576010292898
2.69917329505118
2.71187304919365
2.72382971977731
2.73529796882874
2.74644318299927
2.75736877543378
2.76813194489657
2.77875539401298
2.78701055945086
2.80236045920383
2.81674477577823
2.82967105919528
2.84125920641767
2.85160258144677
2.86077219605131
2.86882283697649
2.8757966303908
2.88172585507162
3.05288776879354
3.05452399971
3.03904742596463
3.02107112630076
3.00121349796275
2.97987712741123
2.95740002759694
2.93405196519779
2.91004930597412
2.8855667921241
2.66382268473771
2.67567854791129
2.69906835030846
2.71433331721082
2.7230927157401
2.72646751373373
2.7253086410571
2.72033082913222
2.71214312601832
2.70126879918319
2.73380237936412
2.71032002918002
2.68307069512367
2.65641902863547
2.63045073794318
2.60512754988369
2.58042099534419
2.5563130176427
2.53279464909208
2.50986442355726
2.30219227025003
2.29008079279297
2.29428902633521
2.29786080224683
2.30082113068764
2.30344025943037
2.30589336922355
2.30829854662748
2.31073060143598
2.31323129821119
2.53644525819986
2.52562599418937
2.49768691172665
2.47109021007338
2.4460894734875
2.42250306629923
2.40017284914532
2.37895962627091
2.35874285471415
2.33941925336919
2.32818615200678
2.30948169446908
2.2903005551821
2.27178917151755
2.25393331254514
2.23669758453571
2.22005259951276
2.20397358504613
2.18843963267469
2.17343293999654
2.044872063447
2.00817916718646
1.98704848734977
1.97309615075424
1.96465899866323
1.9608338172126
1.96089762252483
1.96423784101089
1.97032701632829
1.97870496671889
2.24593485717844
2.26000235752496
2.2514808171095
2.2408144358388
2.2287005706684
2.21535968666087
2.200981424511
2.18572471178005
2.16972399374195
2.15309378401692
1.9815354354555
1.98286269600168
1.99488512399558
2.00300909468157
2.00759753865321
2.00917397255914
2.00816142454045
2.0049173818335
1.99974636997971
1.99290949114686
1.92976424984448
1.93679712920483
1.94523333890714
1.94908176063617
1.94903061640238
1.94565785884316
1.93943972617482
1.9307872991188
1.92005754598877
1.9075616569906
2.09792973303048
2.07011877937406
2.02369565597072
1.97771807861597
1.93298790906537
1.889545546494
1.84738060378485
1.80646831332521
1.76677951981963
1.72828588630447
1.35684494679886
1.34499617216227
1.36121480963164
1.37331319907933
1.38177963066029
1.38775641341451
1.39204127615576
1.39519988583395
1.39763788584972
1.39964734522333
1.44289023493691
1.44711817791247
1.44757462365128
1.44743888866201
1.44676157772591
1.44562125265611
1.44409052668097
1.44222484124548
1.44006603422361
1.43764503333291
1.60206049242951
1.54950422470774
1.48877437594344
1.43731915675355
1.39563608721824
1.36232439096967
1.33609436017109
1.31586911392552
1.30074433011137
1.28995219744698
1.34114327229001
1.37216570512045
1.39503969473947
1.41197290046772
1.42360563193974
1.43050348933348
1.4331797195459
1.43210207489412
1.42770082338628
1.42037288707346
1.45700440424321
1.40943641284904
1.36091760258364
1.31851482268505
1.28197575136151
1.25046143934616
1.22322518945431
1.19963866421673
1.17917208295633
1.16137662613599
0.923550710132931
0.902543453705513
0.906270911285797
0.915342626742937
0.92738367343089
0.941809175969296
0.958229597422926
0.976302058157453
0.995711910794336
1.01616739032939
0.91872625250196
0.968519702829596
1.02455218432962
1.07518149316248
1.12103013928818
1.16249687333992
1.19984457121991
1.2332767067806
1.26295797739412
1.28902784184493
1.5669443591152
1.59125829143937
1.58819304951145
1.57812785941081
1.56220046541795
1.54125094712244
1.51602646908743
1.48716496664329
1.45521045787428
1.42062850201762
1.33523427953226
1.27037625242858
1.21284248121449
1.16063062820639
1.11276050647235
1.06851650042333
1.02733282062409
0.988754371919629
0.952413379574315
0.918012926566635
0.905340254932061
0.878694822627116
0.851053075741892
0.823437180662963
0.796007615434084
0.768862178615997
0.742089002973488
0.715770689862499
0.689984896927188
0.664804583463243
0.562730078202836
0.5672179453383
0.574265379363473
0.575830837225642
0.573026785793251
0.566754615865833
0.557714283777773
0.54647969468581
0.533529114914315
0.519266155067668
0.46150210328359
0.466198141656755
0.470332245252869
0.46972124708749
0.465612415042418
0.458658525875757
0.449362720797201
0.438162832832982
0.425441229268162
0.41153447433806
0.407212862112535
0.352693505121385
0.302870678316202
0.261221549786457
0.227212055240412
0.200068525745773
0.17910002246012
0.163703684268136
0.153350020436585
0.147569397920883
0.336000892391478
0.335773205519568
0.323284434285417
0.312526069021333
0.30418090225348
0.298057999290226
0.293928684447647
0.291580817296768
0.290819838859053
0.291466623689547
0.232677065070881
0.233780873837427
0.241381979808266
0.25081592448362
0.261514139837128
0.273256860271889
0.28586083533428
0.29915438771563
0.312975202322625
0.327170043126895
0.378380578418188
0.410680034819411
0.437436593796668
0.460317099279639
0.479496956860469
0.495190244920298
0.507619532970997
0.517006979371491
0.523573042989119
0.527534713770873
0.269704023050038
0.264843376963969
0.281581526286125
0.299505792694727
0.317611534282644
0.335760382371175
0.353849377361117
0.37177608029309
0.389437746744637
0.406732763010967
0.686539127976429
0.682968759634179
0.656079994703073
0.628450351518303
0.603938394562019
0.582271292398734
0.562876486037524
0.545263994818519
0.529049275548258
0.513931899084333
0.32509986519533
0.331961368042688
0.351803676108045
0.369221138824711
0.383805537735238
0.395799474856087
0.405445655977683
0.41295982122095
0.418533295311362
0.422336822154389
0.692063488860475
0.684463772648333
0.652379786705444
0.61759993082621
0.582604966491484
0.547626445170522
0.512713966135519
0.477918167388511
0.443303088336597
0.408943564191385
0.089113686511564
0.0846857673044468
0.100072895821059
0.110670002081353
0.117601426992313
0.121639458803554
0.123333126841695
0.123134347111559
0.121418967407789
0.118503182890833
0.303654534265123
0.280074959492054
0.242851913395256
0.207289494276699
0.174468098342746
0.144289901020023
0.11659666415491
0.0912481563527873
0.0681234655232977
0.0471176095226373
-0.0779319356194146
-0.102517250620141
-0.114963950796199
-0.122837099912834
-0.127183383355231
-0.128325193566381
-0.126513451871949
-0.121984212332323
-0.114965469386869
-0.10567901933926
0.093303799524269
0.114672738659914
0.121701221151199
0.12674242373955
0.130622102982496
0.13349623476046
0.13546851319892
0.136631806684038
0.13707169981273
0.136867307948411
0.038585907990244
0.0389518722636781
0.0467296752134862
0.0546734593731183
0.0624459647544744
0.0700341756395802
0.0774377938259432
0.0846535260150205
0.0916748248742612
0.0984926058881519
0.208633387570735
0.230725307507004
0.241973944991928
0.249366554187301
0.252772341250184
0.252510721309341
0.248949169506887
0.242441263307915
0.233327360437741
0.22193297962135
-0.259948170530523
-0.291663215078335
-0.28247833736679
-0.267430360904939
-0.248259508567844
-0.225359655569281
-0.199072112801408
-0.169738104999373
-0.137702282665686
-0.103311586278508
0.214115212561118
0.24587421766221
0.254389795107059
0.260028561142389
0.266669873315587
0.2744011755574
0.282952860356932
0.292042301205317
0.301421249971677
0.310876145664507
0.25783032817357
0.266887569406084
0.281093824532549
0.295661004195297
0.309722012948941
0.323115432237486
0.335759830696727
0.347591313483101
0.35855469395837
0.368602112663343
0.609982606887328
0.634553432771397
0.63635802981322
0.631163532138863
0.620949293170699
0.606354714020696
0.587865598594664
0.565918859432475
0.540916723840262
0.513232834354109
0.420216789076232
0.38040268783346
0.345345309548163
0.311196427358588
0.277601925483682
0.244583404986479
0.212203752003661
0.180536524067374
0.149660297904966
0.119655718148598
0.0593455395680157
0.0293704729229875
0.00343780487343623
-0.020598668166287
-0.0429259267262386
-0.0635504822836876
-0.0824684074693638
-0.0996789813476856
-0.115186034505996
-0.128998228186899
-0.265306990566894
-0.286251629561245
-0.293754373624456
-0.296120945475766
-0.294686066835159
-0.289831560441169
-0.281847169819483
-0.271006792014739
-0.257576644319158
-0.241815809039006
-0.0644794059003898
-0.0277183259589436
-0.00443824789577453
0.015542406479473
0.0330840074296226
0.0484362170785337
0.0617849986913973
0.073294995367721
0.0831150407235095
0.0913804706177062
-0.130234871007294
-0.124001947265568
-0.100164238163524
-0.0757233087219844
-0.0514948887973292
-0.0275713534876589
-0.0040170179423915
0.0190994163203484
0.0417049551097963
0.0637244284652223
0.162743474614081
0.178909862489824
0.188378399711604
0.196900622501693
0.205041014275937
0.212763577598983
0.219990680564462
0.226652323841209
0.232689966313403
0.238055863438764
0.339998716197192
0.36938112566957
0.38660200114257
0.397203671986512
0.401674514627937
0.400578586710675
0.394482328281039
0.383929750272019
0.369439235136637
0.351500880418764
0.213127764405124
0.175878030273769
0.149009353404309
0.124420576154845
0.101472961664044
0.0800392682790764
0.060040975738467
0.0414153360242371
0.024110781356273
0.00808465566549098
0.167403339921765
0.132367886262521
0.0849685150382913
0.0405695964298221
0.00139354961547756
-0.0329040347582084
-0.0628126747578379
-0.0887563873854761
-0.111088771191093
-0.130109740958231
-0.181242596203218
-0.1717036630506
-0.16009345462441
-0.15056656760879
-0.142845545676107
-0.136601379799497
-0.131556458515513
-0.127475934868764
-0.124160620726382
-0.121441167293134
-0.112684607375401
-0.119994513152151
-0.126864458472766
-0.132079465090594
-0.135644622235246
-0.137683550845966
-0.138320134116331
-0.137670103176161
-0.135841641037346
-0.132936532003158
-0.226149773167772
-0.211274358166462
-0.189338359456831
-0.168075594611677
-0.147386177351062
-0.127213881692978
-0.107541757357153
-0.0883691083043591
-0.0697081583197288
-0.051580854549125
0.0723428086050865
0.0880081470503938
0.0948193165014729
0.100164427936892
0.104495921711022
0.107876938519883
0.110347483714343
0.111947459715874
0.112718130439965
0.112702099015927
-0.0443330063672707
-0.0373639459959433
-0.0200428032028016
-0.00424703893828098
0.0105553217825108
0.0244652361491963
0.0375093598386469
0.0497088551928884
0.0610785415441078
0.0716283419759833
0.160414100643986
0.156350696706655
0.145972727178074
0.136187665278342
0.12763003389475
0.120182879500467
0.113689642173938
0.108011537786713
0.103029484773789
0.0986414068854911
0.134669489790298
0.14029918177528
0.142055148578845
0.142015725907743
0.140412670677813
0.137401854886558
0.133128404782657
0.127729801761304
0.121336592840946
0.11407282976353
-0.177613243841464
-0.197758945174549
-0.193479288134651
-0.184691947497589
-0.172933789382114
-0.158563294313583
-0.14185557223243
-0.123074975884451
-0.102480247823091
-0.0803247387012878
0.054249841632507
0.0867716404961591
0.110322258010854
0.132045028731127
0.152168933555586
0.170691814623141
0.187604751577924
0.202902261697823
0.216583902728106
0.228654801662756
0.364140819499753
0.374779201704794
0.373461571469537
0.368950890584245
0.361972294555287
0.35274953535393
0.341470475802592
0.328318066743547
0.313472340780383
0.297110392024494
0.317249089785329
0.294732947408869
0.268426269038377
0.241609423429793
0.214642712115315
0.187639609688519
0.160700087186703
0.133926122400178
0.107421036240102
0.0812879117035167
-0.0102940652262944
-0.0429429065463404
-0.0685515590011958
-0.0911951300517861
-0.111349034553614
-0.129140435091552
-0.144663869520757
-0.158007202551363
-0.169255015459562
-0.178489920013883
-0.0541187183094765
-0.0543613010439401
-0.063991386652058
-0.0743255152177317
-0.0845717677313425
-0.0945848249754743
-0.104276196931146
-0.113569713273561
-0.122397761048218
-0.130700605601726
-0.205379376516585
-0.224634321167272
-0.236037271216077
-0.243479277174683
-0.247801358317522
-0.249300884054392
-0.248212741089359
-0.244754854892499
-0.239135347873996
-0.231554182486789
-0.0893504855182769
-0.0756490495147233
-0.072843319222417
-0.0714758656098853
-0.0697446355405872
-0.0675271415765485
-0.0648716183374285
-0.0618443288116178
-0.0585068098282513
-0.054914013460788
-0.000162018278357737
0.0122466812326288
0.0193623491088745
0.0243135456403389
0.0276858340933184
0.0296898662876334
0.0304840441213832
0.0302074489964672
0.0289852740296973
0.0269308858998117
-0.107521149769831
-0.0999438438106126
-0.0834221951927006
-0.0687443607672018
-0.0558902495302196
-0.0446608270638717
-0.0348871516387819
-0.0264207039859986
-0.019130616817001
-0.0129009660399275
-0.0550012346084882
-0.0765424225151358
-0.0920095783047643
-0.102564782130257
-0.108991460925933
-0.111840009664558
-0.111569383928169
-0.108573491122918
-0.103197048440452
-0.0957455463037904
0.102675851416479
0.141922890034409
0.162725187637829
0.177493559496718
0.187658939535097
0.193795013077863
0.196361980848505
0.195769621487154
0.192385463644178
0.186539119801413
-0.154021632492669
-0.179105271513988
-0.173295423791941
-0.162519902601324
-0.149689853374049
-0.135245786809915
-0.119402862190277
-0.102350097081524
-0.0842689583666438
-0.0653345901969715
0.0325834984239221
0.0822114322476537
0.122117024775199
0.156352801290079
0.185250269777532
0.209195644616664
0.228557583675871
0.243675908229611
0.254871061371296
0.262449021558316
0.0661478072828806
0.0543428999997516
0.0597625484566622
0.0668083522547023
0.0747684685322426
0.0834553834349283
0.092704852165539
0.102367287209636
0.112305267562886
0.122392302517493
0.494825075014585
0.50813846518706
0.487457902542517
0.462087125061378
0.434744877243575
0.405781520033535
0.375365044705287
0.343660830363852
0.310842711326737
0.277090978094883
-0.0295299337626269
-0.0890313135958554
-0.120214506217967
-0.143914730454466
-0.162680599288933
-0.177073950476413
-0.187464178231128
-0.194182570076455
-0.197537849474804
-0.197819241744132
-0.0239501724089282
-0.00905262210878567
-0.00868790370314342
-0.00992251360203832
-0.0114433279889554
-0.0130921911460122
-0.0148185737244022
-0.0165862780314728
-0.0183645760580314
-0.0201269109694651
-0.180758380798816
-0.180634733231074
-0.166559000732635
-0.15156064930096
-0.136421624635487
-0.121181050122061
-0.105846473058879
-0.0904370479591521
-0.0749836108394101
-0.0595261236809432
-0.0511356000655116
-0.0576412641635597
-0.0613001061436347
-0.0609297163694033
-0.056814488636817
-0.0494632692927905
-0.0393553191764614
-0.0269188711831321
-0.0125347081479502
0.00345783079990286
0.311867321514543
0.379144935363663
0.415589848375015
0.440807210887962
0.455767926756426
0.461607063112902
0.459467621012619
0.450408228030875
0.4353897800673
0.415271990182477
0.250851973915705
0.226585146896915
0.211900245190195
0.194601166022937
0.174751549620902
0.152784343025526
0.129092645024456
0.104028533964815
0.0779066493347735
0.051008454694267
-0.0468387181613792
-0.0956046699085827
-0.134732558517634
-0.168445760460986
-0.197555935129308
-0.222520353685968
-0.243713083671092
-0.26145363780269
-0.276015875893598
-0.287634948943635
-0.277251531922057
-0.294800746748551
-0.310106500652949
-0.32089310252596
-0.327322135954958
-0.329805142186551
-0.328735828229127
-0.324471381371849
-0.317336445876366
-0.307628428568731
-0.360553932164996
-0.323836476171979
-0.28396972000447
-0.247103236253431
-0.212506682934603
-0.179829378667685
-0.148857706871526
-0.119443340944752
-0.0914863995960299
-0.0649225318652211
0.124554915229566
0.116858802178159
0.0945837716126712
0.0739337040732084
0.058670066393656
0.04827580936319
0.0418859037192344
0.0387326279991547
0.0381964359702683
0.039778486729342
0.178219027064311
0.196436193889892
0.20123973941905
0.202317896294005
0.20171152157016
0.199768638971686
0.196621386617087
0.192363272950669
0.187078894106292
0.180848867053301
-0.0411960748211722
-0.0426151387188283
-0.0259963659504137
-0.00948246524858353
0.00536982625806409
0.0186108203200039
0.0304099839553885
0.0409243539761697
0.0502892996664074
0.0586204958241619
-0.123680606545649
-0.103382180707469
-0.0686211162980721
-0.0364840756185327
-0.00684434891091557
0.0205885186330122
0.0460157871835797
0.0695926872430225
0.091439394154758
0.111649307851518
0.347782222671919
0.366039548235749
0.3631380779268
0.356423619507735
0.347447279435434
0.336490248126993
0.323726546072594
0.309317084030932
0.293417779767957
0.276180725281546
0.392855108234744
0.382017972196205
0.356399123967554
0.326958715650195
0.294775937616878
0.260354775554152
0.224124567881155
0.186472977146231
0.147752527937356
0.108284412708871
-0.137096520637403
-0.199654291375704
-0.240195319909621
-0.273775893989516
-0.302204609695847
-0.325991037244395
-0.34549763659036
-0.361038652249649
-0.37289283865744
-0.381309227230637
-0.285785635095127
-0.252022671373389
-0.229904101500172
-0.213581583986488
-0.202171539796721
-0.194806798786859
-0.190755778611245
-0.189419102793852
-0.190292161212769
-0.192941978252565
-0.0321717980622209
-0.0550357337410126
-0.0891659116933072
-0.121524715092726
-0.151093753245094
-0.177956895277836
-0.202254123070293
-0.224108282825216
-0.243624433001903
-0.260893616742381
-0.453472245729678
-0.466209257938489
-0.463768565463916
-0.458470266573494
-0.450245621624048
-0.439194806842259
-0.42546448285732
-0.409212990244306
-0.390612005789778
-0.369846003660184
-0.426556014498756
-0.399623200149598
-0.366333742236408
-0.331952065572252
-0.296108486551748
-0.258985054942222
-0.220827104702105
-0.181889552398108
-0.142438014580568
-0.102745156186696
-0.000646761778900282
0.0367013185967437
0.0689317805759699
0.0998336133446559
0.129234338062845
0.156961800101351
0.182867149748268
0.20682270039973
0.228722701506559
0.248483415266931
0.358213957745814
0.386538064387169
0.404468517757027
0.417202297248397
0.424516580456631
0.426659443527849
0.423951725785896
0.416738528118465
0.405384759431452
0.390267380916359
0.403571452805275
0.369184031362086
0.331582135508401
0.294138160335802
0.257152687633069
0.220681507040563
0.184783315355086
0.149531873682846
0.115012178100329
0.0813164030883387
-0.0354616094210423
-0.0786067920423722
-0.112254621057975
-0.141417393087553
-0.166907308236896
-0.188928178432373
-0.2076256091376
-0.223134869203125
-0.235588429494467
-0.245118462286375
-0.284943748326632
-0.275216756563049
-0.262668616576737
-0.250291733642559
-0.237871193526845
-0.225298575050679
-0.212506127293432
-0.199451801143474
-0.186115775651561
-0.1724969487983
-0.201773600756347
-0.19039625578233
-0.175121407087178
-0.158799928464539
-0.141527195572462
-0.1234436029698
-0.104697536814669
-0.0854377813880497
-0.0658130232431277
-0.0459708577185976
0.135674794990452
0.160153500713244
0.17176284319067
0.180526671708153
0.186660564219438
0.190304339522095
0.191605238399766
0.190712936991716
0.187779895436823
0.182960572978271
-0.0892411486343111
-0.115556014056833
-0.11996538805791
-0.118845630434787
-0.114360198494353
-0.10695043701494
-0.0969158788835359
-0.0845357954290962
-0.0700805481157125
-0.0538122412255773
0.0430052888504276
0.081818845633864
0.113947325760087
0.143243838429073
0.169590718899298
0.193014199784863
0.213555366194091
0.231256672160873
0.24616661808851
0.258342213895272
0.39802388207939
0.396336557281125
0.382716283398708
0.366634063446572
0.349014527043794
0.330049382302921
0.309880733743942
0.28865003362302
0.266500866507628
0.243578318903017
0.330571609834268
0.312924205305162
0.285365780508191
0.255118822344606
0.222956083283995
0.189260920550323
0.154375106204151
0.118621644201352
0.0823066664527899
0.0457198411094517
-0.22861782109387
-0.267887412927986
-0.288499532296294
-0.305950617343427
-0.320498348973034
-0.332186361296529
-0.341054866203393
-0.347145494753593
-0.350506192991539
-0.351193192659656
-0.379890934181467
-0.38255792225904
-0.379452200437581
-0.37225917386258
-0.361381582352781
-0.347122505652894
-0.329779149387648
-0.309648553867633
-0.287027091697248
-0.262209448223451
0.0742202338204095
0.114339259159642
0.130652840546325
0.141871498784702
0.14993601191869
0.155158655232248
0.157728725367353
0.157823948864576
0.155619303275065
0.151287568264644
-0.345196198845803
-0.362888352167437
-0.344900937624238
-0.322438573703616
-0.295893493125573
-0.265685327333248
-0.232256381688184
-0.196040101104741
-0.157465508915103
-0.11695641294236
0.34250146392223
0.392311220149432
0.409500224060932
0.419313821421229
0.424933283888289
0.426793060968961
0.425119583110886
0.420122431704843
0.41201194542141
0.401000225235289
0.361863806659676
0.350298762893744
0.337559671580559
0.322050412389634
0.303957497158763
0.283566578943691
0.261164089123796
0.237030215642422
0.21143779170755
0.184651642681309
-0.0067623157859397
-0.0386063617323903
-0.058265505503077
-0.0758057538529339
-0.091578390565379
-0.105610206325915
-0.11791513738405
-0.128511453056021
-0.13742334551877
-0.144680978192919
-0.116145710127845
-0.118520956050704
-0.122110985925786
-0.12490673188847
-0.12686190837789
-0.127975861433681
-0.128256201566619
-0.127716948404069
-0.126377876393545
-0.124264135280835
0.0281951464920318
0.0340743276357792
0.0291532717141567
0.0226288329832225
0.0152186942442107
0.00708232750413729
-0.00166063807284614
-0.0108965340017422
-0.020515662979698
-0.0304123923734182
-0.0494231187458205
-0.0592560783119475
-0.0685465718464515
-0.077728760187442
-0.0867461850611242
-0.0955234542945387
-0.103989423947764
-0.112078625067086
-0.119731402403718
-0.126893955485529
-0.307988279827665
-0.318952916289142
-0.316331307763362
-0.310538054742623
-0.301786049306011
-0.290291510896462
-0.276279888511999
-0.259979535536977
-0.241622638290683
-0.221444246479923
-0.228713308900605
-0.208802727574346
-0.185334944541121
-0.160187528552809
-0.133747614374501
-0.106294697249131
-0.0780937438277434
-0.0494005469195629
-0.0204612676166179
0.00848835512296572
0.0935626754842895
0.126458728176182
0.154370501446936
0.18017158740421
0.203851611023271
0.225342872633659
0.244588699521097
0.261546961066077
0.276190755561141
0.288508551758786
0.31844545000517
0.317539907364749
0.313578081393058
0.308546100784334
0.302734850523135
0.296150215835993
0.288788521225725
0.280656168148696
0.271770712103436
0.262159731445736
0.294420495348348
0.294870257212892
0.290322572735653
0.28269423574598
0.272287602600319
0.259364798879915
0.244185458495731
0.227007339214426
0.20808521494304
0.187669625783496
0.127123684703172
0.105982949016564
0.086609402977589
0.0667585769165323
0.0466035435357959
0.0263172306216713
0.00606441368780872
-0.0139982787768211
-0.0337230889785556
-0.0529713154597664
-0.0283967193803587
-0.0521811466760141
-0.0774306292298071
-0.101063970758904
-0.122741212743151
-0.142433957000853
-0.160140270336566
-0.175865729284973
-0.189622368351702
-0.201429034730846
-0.141878819462189
-0.147439167122241
-0.156587967650858
-0.165292101811443
-0.173045498571674
-0.179794651662765
-0.18552499862884
-0.190231408359488
-0.193915193348823
-0.196583696491627
-0.204529507900303
-0.20297156003703
-0.200521597921691
-0.197527011129897
-0.194007416536771
-0.189974589822441
-0.185444973758786
-0.180439685893951
-0.174984024946582
-0.16910697082917
-0.389113464666805
-0.393783385814689
-0.379606124528646
-0.360079931018691
-0.337200787430547
-0.31141735830881
-0.283062820002966
-0.252458081322418
-0.219920667083757
-0.185763881286376
-0.00894338709255032
0.0390688963820809
0.0764420110299091
0.110994492952566
0.143023401138227
0.17248119411487
0.199311694418771
0.223471522036599
0.244932158551557
0.263680449069341
0.459547297881451
0.474780021654764
0.473419900005241
0.466739058988026
0.456275882567013
0.442358442096686
0.425229156515293
0.405127821593958
0.382298975727921
0.356991931762353
0.24450395785699
0.21078210500685
0.182249936539857
0.154152277402515
0.126070492142734
0.0981035143091136
0.0703865281927968
0.0430561410406614
0.0162460748171574
-0.00991425629132581
-0.203219028637712
-0.232543584102397
-0.248150056455337
-0.259962175606094
-0.268565356455132
-0.27410332056033
-0.276702366762218
-0.276497110220543
-0.273631455731745
-0.26825782098363
-0.331722844984417
-0.325407776318497
-0.311346520228275
-0.293952327175012
-0.273797608640695
-0.251189232889614
-0.226416414227807
-0.199765967914659
-0.171522138391232
-0.141965454727787
0.103215082249492
0.140135621814116
0.160350115291865
0.176502918495987
0.19027815215989
0.201841207278064
0.211252082095975
0.218566739221156
0.223847093828702
0.227161452017754
0.107428254187939
0.106208114037794
0.112370956107694
0.118517833909207
0.124093310464545
0.129041449378414
0.133343708269724
0.136988355358387
0.139968373750182
0.142281234483345
0.451555653449266
0.465123458832935
0.453336514030319
0.434620618240754
0.410817159636256
0.382548104271247
0.35033730903743
0.314685385287638
0.276074567695744
0.234969176354195
-0.0655561359369012
-0.116435870426955
-0.149286516210705
-0.179632909020847
-0.207393659336344
-0.232524957160746
-0.254992359615218
-0.2747664702911
-0.291827272124172
-0.306164918307155
-0.396792270305559
-0.409372707022491
-0.413230433495331
-0.412744561182497
-0.408296454632381
-0.400140150305035
-0.388530648459871
-0.373730204217269
-0.356007543201496
-0.335636396247689
-0.168082437604779
-0.137273019972801
-0.115779818589074
-0.0954850741699097
-0.0761688643310965
-0.0578507593590144
-0.0405623730962014
-0.0243335678953881
-0.00919056687483157
0.00484463742442915
0.0501311914068259
0.0630104895769024
0.0723912571199317
0.0800743797579278
0.0861736413219169
0.090754080691149
0.0938819124522837
0.0956270288527412
0.0960629433003209
0.0952664556926909
0.0256136630160418
0.0191948518889845
0.0173674588457191
0.0163226616328073
0.0155166957442375
0.0148831915971114
0.0143932304573303
0.0140241051788872
0.0137557346312917
0.0135701717728899
-0.132504434052962
-0.138233738995393
-0.132843026442714
-0.124832743252703
-0.114523370348216
-0.102179597812825
-0.0880587641670836
-0.0724108334913997
-0.0554793153227193
-0.0375008050273667
-0.0296984113267416
-0.00980263281161808
0.0114722362922329
0.0330257308676344
0.0547237721153449
0.0763762252816955
0.097796937195097
0.118808393851604
0.139241602792192
0.158936488293264
0.315122670073014
0.335504657261228
0.344363549330646
0.349696221610526
0.351699213650019
0.350527636477664
0.346346975759876
0.339333476863874
0.329674044177827
0.317564711621199
0.323369996444561
0.31094868437919
0.29489825335644
0.276383844239721
0.25564782874952
0.23295346319776
0.208565189333952
0.182745489922779
0.155753496455138
0.127843447115395
0.149818783487945
0.118949808923211
0.0844494868341494
0.0498459158961498
0.0155290073482375
-0.0182602515185911
-0.0513027344512845
-0.0833935183761495
-0.114341640558697
-0.143970380573156
-0.288531741162129
-0.320608565678906
-0.341572926646196
-0.358068549673398
-0.370751533225204
-0.379774343647172
-0.385268334090437
-0.387375073131256
-0.38624782571591
-0.382050782975058
-0.402543020343811
-0.394265034867261
-0.381164116993547
-0.365140287846953
-0.346598128235933
-0.32578257578954
-0.302930610497208
-0.278280566535665
-0.252071614291119
-0.224542454220748
0.0437219346079414
0.0831904276111372
0.104113436818397
0.120405603467566
0.133779801170402
0.144457986666048
0.152557665208521
0.158190400316449
0.161470688694723
0.162516433459916
-0.0888708529621332
-0.0966745297887542
-0.088256139600798
-0.0785879098893443
-0.0676815465513036
-0.0557097982433939
-0.0428525754299398
-0.029281088774023
-0.0151613917215346
-0.000654252128990218
0.177308679163374
0.196068666898204
0.202540113596999
0.206110733484896
0.207267642954209
0.206177348700315
0.202991216979951
0.197862679180175
0.190947831858067
0.182404679002158
0.104182347847543
0.087756952676009
0.0758334541697443
0.0647631573480242
0.0542096612752609
0.0441604430994927
0.0346258066645239
0.0256179244581644
0.0171487255685786
0.00922933073304246
0.0181956226295623
0.0133777784210622
0.00747913124833223
0.00158289663412286
-0.00419730770298595
-0.00982228850416497
-0.0152601145605209
-0.0204815270780803
-0.025459706629521
-0.0301703212249312
-0.0035279604315619
-0.00800761677165027
-0.0145482413031354
-0.0211134182504773
-0.0274419885810412
-0.0334953796257153
-0.0392521432534725
-0.0446935363281938
-0.0498023995787499
-0.0545632323765185
-0.307422960760767
-0.324982483999889
-0.321485234368745
-0.311888652176398
-0.299125239644797
-0.283578705967554
-0.265436827690799
-0.244870559397915
-0.22205908192485
-0.197190637087282
-0.0169056466260138
0.0227459664384482
0.0508172422249482
0.0763180634514863
0.100698176037069
0.124015108179719
0.146216431218196
0.167242767278954
0.187041001870609
0.205565314692491
0.202452748928422
0.236449262943767
0.268909730085824
0.29718271988455
0.321290999576755
0.341350472607798
0.357491228671523
0.369854400316924
0.378592112208428
0.383867142684442
0.471072320549498
0.480560120908933
0.479023880188015
0.471668604132592
0.459100374117553
0.441843048590975
0.420408459200205
0.395295098321945
0.366984768941966
0.335939508717669
0.435413037303553
0.390611050234598
0.335167603850269
0.279176907443501
0.223606306954593
0.168674833916869
0.114572310419499
0.0614981713442132
0.00965696680109115
-0.0407474962278957
-0.130606446039906
-0.181654314218774
-0.226771662452756
-0.268457801412051
-0.306853517240302
-0.341925578446595
-0.373642124110097
-0.401984474156706
-0.426947806182398
-0.448540920922674
-0.676930659092102
-0.692669995721873
-0.689878377330294
-0.682323577516829
-0.670504258063714
-0.654505276713531
-0.634436408487531
-0.610455385393261
-0.58276457643401
-0.551604958448621
-0.495041671155182
-0.455333836370052
-0.415053106392168
-0.373269169643993
-0.330225015486511
-0.286187703871541
-0.241437480758692
-0.196262992675511
-0.15095678335573
-0.105811588544194
0.0187350587423571
0.0639143339782097
0.101919552134104
0.137442391394741
0.170436096215973
0.200788216278729
0.228400926142135
0.253195439089062
0.275113369621513
0.294117136047026
0.474214580888906
0.494765831397674
0.499457002315975
0.497943320474063
0.490830058638069
0.478564225780782
0.461588037198775
0.440343006478446
0.415267309105188
0.386792672152072
0.23919246521009
0.197582127485823
0.163689223934591
0.130996786098132
0.099133511703408
0.0681803861354641
0.0382453467504139
0.00943432279246661
-0.018151816469318
-0.0444184621213301
0.0143179309793317
-0.00555589233955971
-0.0302630625184634
-0.0549436933116843
-0.0791458177199554
-0.102679786232464
-0.125384182990325
-0.147111266225532
-0.167726190103703
-0.187107088693472
-0.266636155981824
-0.286021947388294
-0.299143645048311
-0.309394773722792
-0.317075897763229
-0.322266307450487
-0.325041289466095
-0.325485632278262
-0.323693980035825
-0.319770223706035
-0.538491716858226
-0.540050573160745
-0.521945480624208
-0.497735000070094
-0.468667755268086
-0.435296062748486
-0.398122769356181
-0.357641925298312
-0.314339505715939
-0.268691687878784
-0.365093445068247
-0.3246586814151
-0.272253919977726
-0.216342750405998
-0.158257502261694
-0.0985915927545458
-0.0378632119065161
0.0234393453359872
0.0848546164375888
0.145948174050025
0.402055482152476
0.476662749251217
0.533790369659878
0.584124675518524
0.628364729801258
0.666552786835909
0.698724845479492
0.724952701582156
0.745344435488965
0.760041476225603
0.893807495739594
0.91569667319774
0.920268095466104
0.914571436174577
0.89968570398927
0.876496157412802
0.845862951888839
0.808622233574625
0.765578820337746
0.717501693859362
0.645575999188384
0.581454017314435
0.516697124586688
0.451410541869739
0.385937610823685
0.320618805678511
0.255784398942947
0.191751469156588
0.128821190195736
0.0672766444577304
0.186258913730511
