0.04075962695434
0.0344423044130166
0.0264077465070553
0.0199912434868309
0.0149679566283361
0.0109439666640021
0.00762162345795389
0.00479082929816881
0.00230489572265704
6.18953047563204e-05
-0.0547066223975624
-0.0486458259689341
-0.0398576246999151
-0.0331777092883406
-0.0282086371054458
-0.0244738235709284
-0.0215970446155531
-0.0193104770477057
-0.0174260198366579
-0.0158120792972625
0.0894816018517823
0.0727119064131162
0.0508851832573697
0.0344428623263223
0.0217818464565157
0.0119618964658167
0.00416590420970811
-0.0021962444503489
-0.00754031973159581
-0.0121574429534892
-0.119632414162337
-0.106003989041924
-0.0879463132798099
-0.0741510990510749
-0.064008448929545
-0.0564701850149764
-0.0507433426389949
-0.0462665289448042
-0.0426460519693185
-0.0396066220095897
-0.149584113837282
-0.125826054894746
-0.0981008861640845
-0.0760795022131298
-0.0588717769785343
-0.0413908337173747
-0.0304231736693445
-0.0209860927627879
-0.0126172341414603
-0.00500486029635295
0.222367662263105
0.190460100809126
0.14982654536658
0.118946588007763
0.0963605040233746
0.0797084293574404
0.0672094843039111
0.0576026639474653
0.0500034753072461
0.0437937538180181
-0.282549946793087
-0.233161119594975
-0.170765533351734
-0.122010581951797
-0.084942922971406
-0.0562832164620915
-0.0335528484828983
-0.0149979319497632
0.000610223052366067
0.0141293895579991
0.22502853984266
0.203617372384419
0.173726304291575
0.151555478970367
0.136014583131435
0.125184587257617
0.117609889347016
0.112257832980853
0.108402384837486
0.105534125110395
0.189650929397889
0.739880744996695
0.605746281946007
0.504421739441031
0.447441325337113
0.382819221206809
0.316046676212878
0.249796919427456
0.185170083417741
0.12326731368314
0.0424617030210134
-0.00897037030846278
-0.0523611323300357
-0.0895427721713413
-0.121704053657079
-0.149743145799654
-0.174513890080762
-0.196766809519869
-0.217105218708404
-0.235973761653701
-0.287895175839318
-0.32353048718102
-0.351818988107733
-0.374580466297113
-0.393016554830162
-0.407982429387777
-0.420082374361636
-0.429721629935196
-0.437159746163626
-0.442557568687618
-0.474634210416507
-0.46298761987775
-0.448737530617974
-0.436042069898254
-0.424748831120482
-0.414066868114609
-0.403411937980934
-0.392410960136561
-0.380833804193222
-0.368543759894135
-0.418016867861758
-0.43565745696872
-0.440283141894178
-0.43635082508621
-0.425384539367346
-0.40853831483625
-0.386815680242058
-0.361096769586784
-0.332150879802728
-0.300649005338685
-0.265837747804712
-0.225444711312016
-0.185751884348263
-0.146764353988726
-0.108449997379525
-0.0707989195079597
-0.0337932083278421
0.00259595057779057
0.0384049195229923
0.073672807672484
0.334981046547342
0.363802988470486
0.367550788509766
0.372758280965352
0.382851898135364
0.39594425322028
0.410338508372301
0.424902418498263
0.438858633048852
0.451629078081511
0.284928440548918
0.303933243756969
0.332300701764687
0.356669886055839
0.376437106768821
0.391874244349613
0.403280310401682
0.410927334499592
0.415061621647118
0.415909069857519
0.661390744642559
0.641306578213329
0.607400707911404
0.576984112575386
0.544891514222586
0.510132328684084
0.472405758706389
0.431616551101026
0.387842607571095
0.3412834911001
0.0116350574387313
-0.0397137864230895
-0.068688047799313
-0.0923630793324898
-0.114608029440458
-0.135655617539721
-0.155438721020058
-0.173857554234854
-0.190824374829496
-0.206266957863807
-0.269798698339482
-0.281996789595818
-0.288582766506005
-0.292653382478125
-0.294920428588722
-0.29544931986507
-0.294261330471436
-0.291381251912518
-0.286844720741562
-0.280698367697868
-0.243996356431837
-0.246003348303095
-0.246985989614954
-0.244774372221286
-0.23956205230318
-0.23157423302051
-0.221044050138712
-0.208210122849375
-0.193314069289998
-0.176598381876778
-0.353614340790874
-0.335236746461278
-0.301468931713489
-0.264249410493511
-0.225032386694401
-0.184262838769856
-0.142305609345592
-0.0995090141979229
-0.0562089504075841
-0.0127283983799954
0.201850558479727
0.250957313373769
0.285752288981482
0.316180180361048
0.343213683254541
0.366905602843668
0.387259717837297
0.404291216048715
0.418031473958908
0.42852819614472
0.58176209967831
0.59223006060928
0.588556902721787
0.579246109829572
0.565964997343951
0.548994709863656
0.528533369003102
0.504792883332734
0.478009385227298
0.448440538183373
0.450191628853666
0.403235363057573
0.352348675844278
0.300667409366692
0.248374859712619
0.19576393864819
0.143150890150029
0.0908593473704337
0.0392155958606469
-0.0114556752489838
-0.256732476123201
-0.309079937350524
-0.345011607790078
-0.375810334936427
-0.401444908490267
-0.421987661994183
-0.437562998592229
-0.448331645764392
-0.45448791940796
-0.456254782792863
-0.456397948580798
-0.436335977330196
-0.414290696123206
-0.391649207724713
-0.368562953909078
-0.345016964928174
-0.321011801975953
-0.296572945126573
-0.27174746914848
-0.246600025741087
-0.253565116191753
-0.233018353804405
-0.209563290349982
-0.184944227005366
-0.159501319092931
-0.133449929205706
-0.106991426710113
-0.0803200389084019
-0.0536227524568305
-0.027078727450816
-0.117700277932514
-0.0980122752767935
-0.0688075989320154
-0.0376127892379892
-0.00527524851940966
0.0278268651339859
0.061364291547809
0.095028286670879
0.128528361369184
0.161591790103941
0.384077008062516
0.421373111316843
0.442562989440817
0.459242236478061
0.471744503745682
0.480179044246881
0.484657396473071
0.485305438272472
0.48226559218507
0.475696968655236
0.635722188129523
0.630252579731894
0.608700594677968
0.581106853062265
0.548970772213205
0.512811960787951
0.473082818776979
0.430230498216755
0.384700206448537
0.336933180182846
0.211557084585905
0.152023878000109
0.0976464114516554
0.0445791258047333
-0.00713271935240762
-0.0572224029073765
-0.105425319772106
-0.151495729835133
-0.195209598895316
-0.236366310679119
-0.362490385171066
-0.403547924795503
-0.434385644689495
-0.460136448460142
-0.481151617405904
-0.497560709267933
-0.509502205889095
-0.517135911893764
-0.520641152308187
-0.520213969833515
-0.097690845270987
-0.0653199394441847
-0.0659271936399985
-0.0732852594456047
-0.0845114846017444
-0.0990300038870021
-0.11644135845556
-0.13637218139314
-0.158463563320417
-0.182370132051403
-0.714635234054323
-0.749830347464962
-0.742731971696323
-0.726414436221965
-0.706424322029909
-0.683304501304165
-0.657208488367939
-0.628272360589702
-0.596653934774583
-0.562533814218444
-0.302691104620009
-0.281664450841087
-0.273965570517316
-0.264200560179372
-0.251741724128614
-0.236848287308494
-0.219830062129296
-0.200986975316369
-0.180604902714237
-0.158955543776957
-0.340235344042131
-0.322579242895594
-0.288198988154911
-0.250056011833727
-0.209437733218803
-0.166924986367737
-0.123016375405801
-0.0781731148810229
-0.0328227827795225
0.0126397099214557
0.12117303133832
0.186007785187907
0.243018714830211
0.294605962374147
0.341000668258976
0.382263848100524
0.418461118054587
0.449675604923852
0.476009576170146
0.497584361500585
0.533049238988792
0.536065271494018
0.534551366765024
0.530515615018859
0.524106824090678
0.515377952787891
0.50439421281898
0.491238799728493
0.476011777003436
0.458828474586019
0.553521480495583
0.524719018433484
0.487637611003392
0.449923968860237
0.41138954775737
0.372094500441636
0.332160909168205
0.291740721416532
0.251009886049224
0.21016228679054
0.0927367461198881
0.0583064417350242
0.0294689535727412
0.00149383473486477
-0.0257140091367609
-0.0519907698521473
-0.0771703107241841
-0.101100789723069
-0.123646091590329
-0.144686206959599
-0.0795204480957188
-0.0937694176257246
-0.113026712130865
-0.132217459926303
-0.150836145530595
-0.168704374969592
-0.185678874323338
-0.201632291591415
-0.21645189693319
-0.230039422565656
-0.575547105974982
-0.585896928538572
-0.567956619320512
-0.542835472399049
-0.514370031065516
-0.4831211294506
-0.449386792288196
-0.413435918311669
-0.375536981436915
-0.335960320173761
0.0417633905417507
0.0895578608953675
0.111978025869126
0.129727125189904
0.144787239127149
0.157336252902214
0.167436541189057
0.17515075230052
0.180550335692937
0.183715736790041
-0.0708140526282085
-0.0883768562029087
-0.0875151979803735
-0.0827898137554389
-0.0750450095405354
-0.0646466834158668
-0.0519237897572069
-0.0371923654327054
-0.0207567613772678
-0.002909057619893
0.129873375549902
0.158777673911946
0.178595552925932
0.195641201081767
0.210488882605058
0.223203710837536
0.233822379494247
0.242386283708419
0.248943938312542
0.253551035572652
0.10789620909578
0.0926883813169654
0.0884348286016046
0.0868244998730405
0.0879034125667978
0.0913624238144198
0.0968792541400516
0.104151179764562
0.112891327202341
0.122827985079661
0.266323175901755
0.289059812027037
0.300895784530917
0.30901569177424
0.314180132221884
0.316572152542623
0.316338715470774
0.31362779234974
0.308590989247059
0.301383460032706
0.534205377095727
0.534850748997762
0.51401461068294
0.486140989274744
0.453862587796557
0.417797563937879
0.378402213436957
0.336109743447513
0.291345434204885
0.244526354515487
-0.0340733437982257
-0.0898977276004593
-0.12734197643184
-0.159956982914048
-0.190539334043489
-0.219257395911228
-0.246065659758891
-0.270899318312972
-0.293704540155038
-0.314440631334232
-0.449219403326858
-0.483877050209466
-0.505317290472417
-0.519896137530631
-0.528599629015193
-0.531841018884085
-0.529992488745769
-0.52342162723916
-0.512492202990382
-0.497562696397052
-0.214092906379169
-0.186813977162732
-0.177482210365378
-0.169531719667135
-0.161818186310001
-0.154274777232326
-0.146906586316211
-0.139723547876591
-0.13273577406264
-0.125953086314621
-0.447438563371471
-0.459274380397729
-0.44399545058101
-0.421730998376233
-0.393954666032616
-0.361430128519059
-0.324845725146229
-0.28485109108705
-0.242059118428399
-0.197045842236965
0.108417944751732
0.17087721473452
0.210921952978605
0.245197910140666
0.274941856851751
0.300365789804039
0.321616206616195
0.338837662441499
0.352177104589441
0.361784486881106
0.138917137647479
0.127369970354276
0.131609708646107
0.137675375582228
0.145050404815664
0.153451840007474
0.162625785426214
0.172341436078375
0.182387656321925
0.192571522147871
0.441634298423638
0.468241146347071
0.474075956775126
0.473309824486732
0.467568220815106
0.457289877680615
0.442830387941744
0.424539968366955
0.402768731322591
0.377866134143864
0.35205599858096
0.32306840459139
0.291597961661433
0.258122717262686
0.223012060558508
0.186600912747989
0.1492117551247
0.111155424416716
0.0727302299177035
0.0342209780073606
-0.258058367853874
-0.32778817790657
-0.375278200345329
-0.414523383649451
-0.44493028850102
-0.466837328943134
-0.480708744874565
-0.487051373641011
-0.486410332857356
-0.479356911986645
-0.187199227087726
-0.147268767867744
-0.128129526394562
-0.112479710154894
-0.0989706920936183
-0.0873546334628187
-0.0774679640632202
-0.069163107850864
-0.0623028205284128
-0.0567588533470938
-0.274323021874519
-0.261942140272481
-0.232289412268221
-0.201311570175389
-0.171704784890491
-0.143579274380886
-0.11685408940274
-0.0914532366002135
-0.0673242943139046
-0.0444345912849904
-0.0862049245560536
-0.0634474401472804
-0.0368829791638662
-0.0110260623808657
0.0133672778556098
0.0362582269828292
0.0576598109283394
0.0775837591034825
0.0960363440893521
0.113020453296006
-0.0173438669293061
-0.0347555941577196
-0.0380049528709333
-0.0353947436474051
-0.0278303829270389
-0.0159772887977366
-0.000443318984762629
0.0182109322966945
0.0394677783399454
0.0628493333491284
0.306970279332788
0.351962417180628
0.377076447712977
0.396157734230692
0.410864204195413
0.421502358601748
0.428276859635253
0.431385811512177
0.43102942371586
0.427411027340625
0.375544168042445
0.365844305091085
0.357682021328274
0.347968239485539
0.336418072552083
0.323161075574728
0.308361952977174
0.292188395548068
0.274807093377799
0.256382704390307
0.275923982570891
0.238393135518186
0.199470492003619
0.162925222278719
0.128403495050979
0.0958009502866161
0.0650643069524366
0.036160607184036
0.00907213542739309
-0.0162086321531856
0.0926108501332836
0.0971416755849112
0.0895322839671956
0.0773307421592566
0.0624784431006228
0.0454937955021888
0.0267353220083481
0.00651676079335954
-0.0148737955299298
-0.0371710141761518
0.103231385908766
0.0536595178008731
-0.00717928907841537
-0.065639534870373
-0.121962430289987
-0.175992770920816
-0.227513373168505
-0.276310932465861
-0.322181078178936
-0.364934405331926
-0.626509592990784
-0.653271864766701
-0.657382775351385
-0.6561171033141
-0.65166688611685
-0.644339064957355
-0.634277333661863
-0.621615183738013
-0.606490676357998
-0.589047797289314
-0.33986394668582
-0.298986363273731
-0.278547873807846
-0.262537594986062
-0.248978537271605
-0.237517619538911
-0.227948585469494
-0.220091285493153
-0.213778957025092
-0.20885548070067
-0.326444431738255
-0.326883161527311
-0.317052170052391
-0.30594655341169
-0.294562291973
-0.28298817850675
-0.271242704390693
-0.259342729253185
-0.247308670253117
-0.235164192877956
-0.589808962509152
-0.615645117422199
-0.604621811330325
-0.581854725893223
-0.550024334542949
-0.510602626158201
-0.464850787949855
-0.41389349994847
-0.358735309058629
-0.300273199452969
0.118700609822891
0.201489614977652
0.251072070539769
0.293693743861606
0.331575834107274
0.365106681925463
0.394509112562573
0.419966600103614
0.441635165656009
0.459647862594774
0.356659466372362
0.363402585741376
0.376752972796257
0.388589086718006
0.398450038670517
0.406287080677118
0.412086243242063
0.415846045481494
0.417576234277906
0.417297929725774
0.274113243577221
0.250539918134745
0.239074002407179
0.230619629750017
0.225221574360448
0.222463283405618
0.221926418881388
0.22324223561661
0.226079963756337
0.230140874621422
0.418768924921132
0.437975349892735
0.44114409760358
0.440025390131138
0.43501953508673
0.426388162071903
0.414395194891504
0.399303448268387
0.381376854836361
0.360881119889063
0.0970417262773638
0.0696688771712171
0.0601352358930468
0.0530067553628656
0.0468788647410862
0.0416337644797495
0.0372454040021611
0.0336904356292473
0.0309417075315625
0.0289681929730216
0.129355594637779
0.118011500649448
0.101591465890012
0.0873794094483687
0.074659965271582
0.0633026261565801
0.0532335581388061
0.0443787529764648
0.0366677007235155
0.0300329688191983
0.159797634727294
0.17027473458026
0.169063479795548
0.164214627768307
0.156697169012455
0.146835637359326
0.134899442698686
0.121145702993751
0.105822528544416
0.0891691574890117
-0.0237895729797618
-0.0535082583224015
-0.0754616269286958
-0.0951937451435843
-0.112683850244495
-0.127965559948432
-0.1410891051178
-0.152111103354376
-0.161095251314597
-0.168112179743271
-0.0480168402193208
-0.0324162154937233
-0.0279398191569811
-0.0270956381552381
-0.0284340457703977
-0.0316057708148673
-0.0363736762457051
-0.0425274055930504
-0.0498718240302867
-0.0582249036492294
-0.142611872011499
-0.162447644539168
-0.17562659020716
-0.186633926321441
-0.195958447693324
-0.203690774342713
-0.209891650685572
-0.214621046565704
-0.217940477060296
-0.219913071058347
0.0193064515198576
0.0151251884751554
-0.00631082669641281
-0.0278830364947335
-0.0493158332086409
-0.0704970625450773
-0.091302782599337
-0.111612881492791
-0.131310820804953
-0.150284699280258
-0.505749775828219
-0.533625498571682
-0.532407585770391
-0.524414133999018
-0.510785799007617
-0.492143200457603
-0.469064329979599
-0.442097495082835
-0.411762046214897
-0.378548067391529
-0.372385448524369
-0.316069720392921
-0.2582125787625
-0.202608624532577
-0.149529600173479
-0.0988791057751767
-0.0505851400891727
-0.00461479126051487
0.0390365193344792
0.0803548334185856
0.466540089857961
0.505774264900421
0.513989902024091
0.516133934998385
0.51370373222001
0.506977249658819
0.496163921873826
0.481478673754507
0.463148804311115
0.441414995418041
0.311438206402949
0.26458261294096
0.225300502345299
0.187742184148014
0.152063763217683
0.118150889603343
0.085912600864949
0.0553034218681935
0.0263086262080938
-0.00106490031714981
-0.0523984362456587
-0.0661152670116199
-0.0769324929659155
-0.0872923556875437
-0.0971478883008321
-0.106415911900282
-0.11502222958896
-0.122902680477755
-0.130003179162352
-0.136279451573335
0.156532353325268
0.158268861484109
0.138117408005378
0.11496537151199
0.0891335131097315
0.0609858120781909
0.0308964236768666
-0.000774240977768444
-0.0336764269678129
-0.0674703418070814
-0.590901877581075
-0.635709793570719
-0.643599290816913
-0.642837303932831
-0.634757742790155
-0.620020451624191
-0.599253520831645
-0.573078460653127
-0.542103985202006
-0.506919651808159
-0.667036467808975
-0.633094223328213
-0.579846455002444
-0.520376182777804
-0.456344024443867
-0.388691148807652
-0.318233636842428
-0.245712618990109
-0.171806565503714
-0.0971392840832104
0.340421085145357
0.432817573565707
0.493711761796566
0.545427952453965
0.58990882666053
0.627418988484164
0.658130096290413
0.682225282947795
0.699905858029237
0.711391382595822
0.645537950984446
0.644357199939454
0.643582929412832
0.638903468427427
0.630066744817597
0.617282419052397
0.600804308063487
0.580898711857631
0.557840342923582
0.531910552206073
0.600274561755717
0.565085732823553
0.520871536777443
0.474397774603971
0.426218100563625
0.376682383995127
0.326133540797902
0.274915094232833
0.223368812825597
0.171831781621995
0.211707284280753
0.180920325594806
0.142685573052362
0.101696193180487
0.059329664891101
0.0160521715834245
-0.0277720455333908
-0.0718157053416848
-0.115777412675684
-0.159380151056285
-0.0677204840475473
-0.125067744487065
-0.191177729334069
-0.256081454134497
-0.318654393855951
-0.37856641144684
-0.435557649438737
-0.489387032051454
-0.539829123305149
-0.586674928468158
-0.920643058227345
-0.963122827944236
-0.977435996908839
-0.982047226579087
-0.979456471561698
-0.970222220295682
-0.954760765489779
-0.933479352322958
-0.906787384217144
-0.875097177096357
-1.10877131434849
-1.08473342323253
-1.03249379108893
-0.969991334408328
-0.899768218848809
-0.823090159125117
-0.741040639679794
-0.654612590275086
-0.564728900514462
-0.472254290720528
-0.180319097104162
-0.101780250133691
-0.037943714553912
0.0258678205939803
0.090530302916666
0.155565119217937
0.220412490562168
0.284556886336646
0.347532157113138
0.408914531621261
0.496860755251334
0.574919116298277
0.645152153436733
0.707491463515042
0.762040006090236
0.808932789021435
0.848315477384095
0.880342992732383
0.905181011960705
0.923008454455061
0.772969288622284
0.779232728243789
0.791037159186833
0.798348330603449
0.800329505836354
0.797180717746671
0.789185187918244
0.776642246267585
0.75986042877133
0.739155703129202
1.01097570435187
0.991545382071058
0.945321873214227
0.891288723104023
0.832093562001385
0.768507066354182
0.70115531149455
0.630644823654251
0.557571007654026
0.482515760468376
0.335352742574455
0.232675778905217
0.135968661554611
0.0430145569131066
-0.0458924702605428
-0.130451546309943
-0.210359835969492
-0.2853207517843
-0.35505504071438
-0.419310459589686
-0.417944083442337
-0.46270586565435
-0.506334511991224
-0.545787063584351
-0.58081635192148
-0.611327094713925
-0.637270032310773
-0.658634663734742
-0.675446787035871
-0.687765935565843
-0.901063693035254
-0.906418246916499
-0.890670311928801
-0.867860741101079
-0.839648544029351
-0.806613474742466
-0.769240279186651
-0.727990960344858
-0.683311391015864
-0.635633020524074
-0.420119436909223
-0.366739371274165
-0.324853717420392
-0.283539332249161
-0.242285600805989
-0.201242608455641
-0.160595261725336
-0.120520268446119
-0.0811828364952148
-0.0427363015639055
0.163395930719674
0.218085453042311
0.255197912502323
0.28554802028107
0.310329443159764
0.329904961075114
0.34457686970496
0.354640233218644
0.360386608417295
0.362104487760179
0.136375541795301
0.128582107148383
0.136522691524945
0.145127470249207
0.152725157104392
0.159254359350491
0.164778170721352
0.169369435093973
0.173100513081028
0.17604257053791
0.0869643415990331
0.0656463679245319
0.0540220144994468
0.0471314433197155
0.0443427426549754
0.0452377772210148
0.0494384405616322
0.056593316778329
0.0663742579000817
0.078474262782595
0.0756748422153592
0.0884113458408356
0.10422273329452
0.122041668707152
0.141546383530595
0.162460846927782
0.184528231980485
0.207508652801918
0.231178086826409
0.255327466555627
0.376418547062358
0.412403493045119
0.438885798330575
0.461649012988755
0.481351566499878
0.498182902633206
0.512294282695747
0.523831210207766
0.532936957677794
0.53975369994576
0.522208080377894
0.518516073294869
0.515838147677092
0.513009061696653
0.509979250816952
0.506740306043367
0.503295370233239
0.499656431469995
0.495842907656917
0.491880505395766
0.7381220376161
0.743748186045037
0.728997294767465
0.709597091687766
0.686829245296697
0.661169473205536
0.633034554556363
0.602830003426051
0.570951882216105
0.537785492303235
0.405664139131588
0.369121129273388
0.340363581469783
0.313535022699522
0.28813470525487
0.26427976485131
0.242118262367443
0.221784297097376
0.203393870674535
0.187044706713377
0.194363276839642
0.179424014698489
0.165161069199675
0.153281405710178
0.143959090896268
0.137206565995082
0.133010213637271
0.131341260602542
0.132157479560835
0.135404199313655
-0.0498593807835111
-0.0482778000804361
-0.0283310117842873
-0.00243208316199286
0.0276183421526467
0.0613338923804867
0.0983407022829673
0.138283829846415
0.180818340146849
0.225608300472147
0.234567294949349
0.27606279224597
0.322799702025663
0.372463856144042
0.424490385904257
0.478413921216888
0.533796393388096
0.590221885972315
0.647295072426614
0.704639814899846
0.887896928577349
0.949753509402051
1.00111955017217
1.04899974371727
1.09352667121556
1.13459837718418
1.17211568362398
1.20599714619683
1.23618238499358
1.26263424568479
1.24481828756118
1.25948574825496
1.27354093374157
1.28506654644795
1.29394630092966
1.30024590010615
1.3040569422256
1.30548582044621
1.30465177203642
1.30168555207245
1.31942543806122
1.31307269113639
1.30331423838451
1.29159769736676
1.27825897804451
1.26351238607001
1.24756537676318
1.23062458127989
1.21289518080283
1.19457980868464
1.09229959813494
1.06624264765289
1.0462833165839
1.02847100989309
1.01232878080788
0.997892544756804
0.985225439334089
0.974389907587703
0.965444749981348
0.958444990443423
1.03413129150294
1.02969880953532
1.02218099006742
1.01568084926617
1.01090057110918
1.00792851382714
1.00682314453823
1.00764053371178
1.01043777028656
1.01527277957781
1.03360463947277
1.04979185248043
1.06735944954015
1.08644720605368
1.10709423886652
1.12930374280776
1.15306570434295
1.17835658025306
1.20513840530883
1.23335776200441
1.09164153395342
1.13842490277913
1.19451595193944
1.2532381729741
1.31348195981724
1.37482825049859
1.43684128102949
1.49905076599671
1.56095228936347
1.62201095928748
1.78273361832774
1.86863194695245
1.94384251417415
2.00922515550963
2.0641332341411
2.1081263880718
2.14102656753357
2.16293031209463
2.17418812286087
2.17536378559312
2.10014031180184
2.04675341708294
1.99395616237352
1.94106333838174
1.88837395830066
1.83620623596883
1.78489588591705
1.73479946631735
1.68629575037237
1.63978630568398
1.85802665495573
1.83167431058769
1.79487288146397
1.75615021620025
1.71573292488794
1.6741434395069
1.63192386418905
1.58961811064983
1.54777328031239
1.50693986752452
1.20821028263211
1.14751790135993
1.10212885468209
1.06617625857504
1.04222607393594
1.0311556729997
1.03342883145648
1.0490876582629
1.07774833531276
1.11865088960336
1.50844012406862
1.62183833894125
1.71913135331811
1.80804287182572
1.88848487864727
1.96006526463545
2.02249433977515
2.07562463212472
2.1194621218529
2.1541669552237
2.15780695380533
2.13569694111639
2.11245883574973
2.08937722630984
2.06669550688841
2.04460580341027
2.02330329372794
2.00298622617774
1.9838536796006
1.9661027183015
1.67220777176433
1.64850487409224
1.64301010582495
1.64554382555443
1.65589362945235
1.67382017508637
1.69892744704006
1.73070006137216
1.76852845892961
1.81173443007619
1.85274113382628
1.91920126453608
1.9875214088132
2.05603877169608
2.12397954857105
2.19070379643736
2.25561647047343
2.31816274776604
2.37782793047686
2.43413942750611
2.69715724087036
2.74363525642258
2.77272484114936
2.79231519434472
2.8034209369672
2.8066000702372
2.80243621837297
2.79154146614423
2.77454231113115
2.75206918228669
2.67395556756944
2.65633729281975
2.63709113957676
2.61382903391142
2.58701622329335
2.55721617821698
2.52499343703973
2.49090761812797
2.45551037031918
2.41934244455921
2.53075583152286
2.47920914565515
2.42083875131972
2.36356388164764
2.30798240842717
2.25472963463776
2.20442920716389
2.15766374685311
2.11496106052915
2.07678088640009
1.84373147248876
1.82729146786884
1.82749803345969
1.8347682229207
1.84835135313643
1.86773212517789
1.89238359025814
1.92177680898601
1.95539095268681
1.99271965915232
1.95629446520042
1.97759764664378
2.01013280232048
2.05078624720484
2.09813379699604
2.15122901210485
2.20917623681944
2.2711201238271
2.3362462230866
2.40378103624049
2.51475925804699
2.63111200707115
2.73884969351068
2.83716978016164
2.92584686357063
3.00472358947037
3.0737506502696
3.13300620093229
3.18269968972606
3.22316197958776
3.29981092140341
3.26162160741224
3.22183137577141
3.18593837721271
3.1538563509489
3.12512081204327
3.09941980123413
3.07655120519578
3.05638220106733
3.03882073171037
3.1013078862992
3.14138239515647
3.1717980140308
3.19352844596663
3.20718603433079
3.2134104154301
3.21287117013004
3.20625579295221
3.19425817188688
3.17756888419446
3.08062738870306
3.02708627677073
2.97932384304984
2.93578826773318
2.89669587787973
2.86224983536295
2.83259639350927
2.80781742192004
2.78792662673311
2.77287036937871
2.75037632373414
2.76877602839559
2.78857407263778
2.80787813168491
2.82662298998534
2.84485405585217
2.86262650391754
2.87999819696849
2.8970274797524
2.9137716367038
2.98666789386204
3.01637560878992
3.04027993957008
3.06049388370374
3.07748187437316
3.09160423728962
3.10320924582707
3.11263567708635
3.12021063740121
3.12624746168717
3.22414055801815
3.22456349015863
3.21845767655617
3.21074579690963
3.20216008585182
3.19310192732075
3.18392691642398
3.17495916174592
3.1664924581318
3.15879062189766
2.99492548782273
2.98535168289743
2.98856719083801
2.9972006317641
3.01040946728054
3.02781220589724
3.04903142035953
3.07368435942487
3.10138823351634
3.13176486619314
3.18773832808055
3.24305692711042
3.29488928887947
3.34322384769638
3.38813177576596
3.42969041294921
3.46799058936701
3.50313672416259
3.5352457092988
3.56444534081103
3.50304646070628
3.50636367595715
3.51654386776354
3.53037553960155
3.5472011394754
3.56662912725995
3.58828649455466
3.61181020077193
3.63684762529322
3.66305799904231
3.78118168427739
3.83800783789698
3.88472124635513
3.92382228817556
3.95580523576324
3.98109885932549
4.00016340350192
4.01348516072283
4.02156555399856
4.02491157223176
3.7971940910968
3.78057631808457
3.77731014379247
3.77810570407851
3.7825062627553
3.79018590968727
3.8007958998844
3.81397658391756
3.82936595576879
3.84660655899436
4.08369578450208
4.09525595570881
4.0945694887482
4.09110511366199
4.08568452891197
4.07861046490926
4.07016211261783
4.06061203679358
4.0502254817783
4.03925892460815
4.15890612098185
4.1504187876225
4.13339341095007
4.11360307432302
4.09184731752715
4.06868775901471
4.04465036450742
4.0202311530941
3.99589503558
3.97207397561638
3.8386098414671
3.7982128119776
3.76949768775667
3.74873769208724
3.73563204924398
3.7297681161265
3.73063357650354
3.73765306236359
3.7502178661129
3.76771052531365
3.76973281935122
3.8245038569139
3.87839554371811
3.92908780209497
3.9765275977607
4.02080670290486
4.06203541317445
4.10033536007044
4.13583767914539
4.16868103037425
4.09108416787435
4.05770108244357
4.03955818829795
4.03430796228745
4.04051043799817
4.05693703736919
4.08236117684358
4.11555750440606
4.15531976201587
4.20048138218837
4.24804567439004
4.32389059734054
4.39857430500505
4.47026736987248
4.53840903085697
4.60261112507034
4.66254440320099
4.71793371034508
4.76855863521995
4.81425419697123
4.9363812637696
5.00855433899116
5.06286360369577
5.10167324811698
5.12638155395717
5.13840926759674
5.13917796006038
5.13005869460712
5.1123399590574
5.08721583177237
5.13203305053411
5.07877149921235
5.01900063915788
4.95777711102062
4.89584690790817
4.83392337564937
4.77269963390401
4.71282903868454
4.6549103041509
4.5994740008837
4.43999733279318
4.40149792532742
4.37208267882665
4.34627689503619
4.32388809874922
4.30477244831587
4.28878521046868
4.27578500508085
4.26563594637667
4.25820847946781
4.196522736019
4.18884486004007
4.18866710397795
4.19319784955505
4.20182305574299
4.21410479689722
4.22964308258492
4.24806663812857
4.26902909999858
4.29220554019789
4.37529095836406
4.41484003593394
4.44971785677064
4.48187604436806
4.51156590824035
4.53895623278998
4.56420382366767
4.58745837376636
4.60886273531221
4.62855274484949
4.93192425162094
4.92090779594423
4.89377241633594
4.86483911355176
4.83569476095614
4.80683091072542
4.77863395340354
4.75143998459539
4.72554262140208
4.70119536412243
4.38427467235582
4.35630115434908
4.35172533664136
4.35723617735003
4.37113106552427
4.39217434255828
4.41921258789888
4.4511868704639
4.48713761417327
4.52620039769592
4.467485678801
4.52078637936429
4.57972115052381
4.63879101003648
4.69711777784516
4.75418239597759
4.80952648888037
4.86273626546042
4.91344212953272
4.961320021177
5.27924301313071
5.3287358109727
5.35508420503279
5.36988531704693
5.37495313180038
5.37163444410008
5.36111952734687
5.34447243830991
5.32264338035338
5.29648343035555
5.15295036253859
5.08649182029329
5.03100971877198
4.98282404112762
4.94159310716116
4.90690042754834
4.87826583398398
4.85516293369592
4.83703797273751
4.82333039765314
4.68912841521528
4.70329041924397
4.72508183796207
4.74716782688035
4.76888738330979
4.78998963690127
4.81029011398877
4.82964353387476
4.84793588790046
4.86507941993705
4.96565277383473
4.96788999613864
4.96546667468181
4.96284946450475
4.96027318815261
4.95771681102793
4.95515400285673
4.95256446929849
4.94993379230679
4.94725276903868
5.06458518857061
5.10229739277723
5.12357566727908
5.13303710362468
5.13239374881589
5.12315385114459
5.10671852742529
5.08437731802528
5.05730169451642
5.02654577912834
4.78755299614456
4.74958695617753
4.72561034177056
4.70570466238362
4.6891769315668
4.67579479229791
4.66535853567516
4.65768010641465
4.65258195675726
4.64989629561774
4.96168381118722
4.94087399451076
4.90442076600441
4.86848439720676
4.83444413228991
4.80262854627042
4.77326090322845
4.74651225963912
4.7225083213573
4.70133331181869
4.49490069524753
4.48793791574622
4.49581478983494
4.50847979203244
4.52480598671759
4.54428610894376
4.56648410268474
4.59100064752945
4.61746598790826
4.64553539717837
4.26688783461318
4.29072757090326
4.34454781051527
4.40826512729205
4.47849047295207
4.55377216992324
4.63291684065443
4.71485122009673
4.79857240330251
4.88311922123439
5.45570577205321
5.55277063884188
5.61496887569925
5.65947497534681
5.68739137760465
5.70133003083178
5.70361782996087
5.69624657688767
5.68088463406793
5.65892074764336
5.60141034817436
5.55830745586067
5.51555143642079
5.47277654524595
5.43023199058007
5.38816919115428
5.34681541056319
5.3063708199957
5.26700743847262
5.22886926008249
5.14170463191037
5.12896879790683
5.11742255981101
5.10346928155472
5.08731258662428
5.06937375633646
5.05005117723328
5.02970918181502
5.00868006608914
4.98726636779814
5.07500358406798
5.04246953760541
5.004448124483
4.96735334437083
4.93179038541575
4.89800345949738
4.86618115254168
4.83647537462103
4.8090054120963
4.78386115243266
4.5938630469565
4.55462901093511
4.53391295459195
4.52338414879983
4.52134218789947
4.52661879081204
4.53818181145482
4.55511537285748
4.57660877037063
4.60194271845007
4.62905986398563
4.66567606539351
4.70267832952141
4.7396337878792
4.77633475750011
4.8125864240196
4.84820539400888
4.8830209868238
4.91687611734337
4.94962795196428
4.8780644251494
4.91056266030739
4.94859478626548
4.98674594259462
5.02435599409776
5.06106938441217
5.09658240747361
5.13062866227357
5.16297756802826
5.19343336070425
5.50295288153079
5.52557271018332
5.52746112678045
5.52236889038287
5.51192085162583
5.49701771728173
5.47840462430316
5.4567291248041
5.4325608034574
5.40640482159166
5.22010393235269
5.16931425850501
5.13230485939772
5.102209434012
5.07815604472338
5.0594236675743
5.04531809104981
5.03518512611273
5.02842062090324
5.02447597181172
5.05546689793257
5.10070206138291
5.13671204840904
5.16330662295763
5.18156919974214
5.19253941833226
5.19716773936767
5.19632802822866
5.19082467648171
5.18139555463159
5.2150664981906
5.18707781819093
5.15599145314678
5.12526417357315
5.09532284225071
5.06638659550732
5.03863250487995
5.01220778797259
4.98723322531282
4.96380588559463
4.93215298925715
4.90382936410652
4.87876869442213
4.85709030533895
4.83864149397892
4.82324256578471
4.81071543847016
4.8008867006256
4.79358860278327
4.78865950841271
4.73900116649421
4.7246967201526
4.71948399371382
4.72071150245995
4.72736533338169
4.73866636026558
4.75391806348001
4.77249260360008
4.79382338147185
4.81739802940035
4.71276588137098
4.80551361814457
4.89544018104484
4.97358421106568
5.04136187062686
5.09951669099918
5.14871898950665
5.18964640936078
5.22299824645405
5.24948787960772
5.48763140719131
5.45271915071998
5.40622656150608
5.3622125065751
5.32143238821795
5.28374064520866
5.2489974299001
5.21708581713571
5.18789767289141
5.16132457293536
5.07847558170033
5.07725666641015
5.07869957647504
5.07880815531952
5.07757316239873
5.07520832775856
5.07192048182767
5.06789733695213
5.06330823689623
5.05830545077779
5.12710214218542
5.12557561871979
5.11852260741685
5.10957585965339
5.0992940412707
5.08803144616591
5.07609477366968
5.06375493975177
5.05125034127573
5.03878949763428
4.80490959067149
4.79521494920244
4.80116179576769
4.81114387242768
4.82400438156639
4.83923091642453
4.8563977975731
4.87512713755763
4.89507953558328
4.91594800241544
5.28078444057625
5.28171954973287
5.26252082907482
5.24106241847524
5.21888471574067
5.19645092877072
5.17409700304784
5.15209969526686
5.1306899057428
5.11005981216123
5.07997251210643
5.05282321689053
5.02903135007311
5.00850131014653
4.99104019173964
4.97644603125687
4.96451651467276
4.95505122185762
4.94785362183652
4.94273283954998
4.86762400915612
4.9260426659092
4.9796779891985
5.0224383826725
5.05546789987273
5.07999334861981
5.09712705874947
5.10788920754483
5.11322156589971
5.11398971895519
4.82235280174076
4.76640174403584
4.73875783512435
4.72611345251401
4.7259525814552
4.73637988629032
4.75564907751938
4.78218557524514
4.81459637108852
4.85165990268163
5.13672111086947
5.16703648634678
5.18350090444458
5.19891293355139
5.21398994450583
5.22858347043128
5.24252573953696
5.25567211323745
5.26790110274481
5.27911234538609
5.38934797917754
5.40203711547074
5.40479884893079
5.40312389611089
5.39787449040038
5.38958031271685
5.3787003144363
5.36564491568809
5.35078292667142
5.33444663655194
5.13676142962603
5.10504572984582
5.09013612112033
5.08205727858637
5.07951662006076
5.0814956107385
5.08708013171783
5.09546628309122
5.10595702074372
5.11795354313436
4.98995649758201
5.02197079766232
5.05970455206111
5.09488023216018
5.12711973303826
5.15645593387748
5.18294513319784
5.20664875606484
5.22763467813831
5.24597838260913
5.41939136426566
5.46095599175736
5.48165508218471
5.48963997867171
5.48710027323878
5.47584696336759
5.45746982850598
5.43335028168071
5.4046749693897
5.37245791442807
5.15663007538707
5.08269941088899
5.02999454802899
4.98912455499926
4.95867683464691
4.93720825051596
4.92333726884796
4.91581153436444
4.91353233932628
4.91555619563524
5.07381166710377
5.11267414178265
5.13457175020864
5.14764506329446
5.15342411723335
5.15310269564491
5.14773856960714
5.1382767084747
5.12555569998503
5.11031412492177
5.08719806680751
5.0418932235159
5.00196530291273
4.9682522147453
4.94021826190798
4.91730701834974
4.89900693925858
4.88485061730572
4.87441246489602
4.86730637037767
4.81842664564338
4.69880556620109
4.59023083055004
4.48865547330948
4.39451823184417
4.30840304428121
4.23085844114804
4.16237180294927
4.10335462673786
4.05413026754935
3.95803442621616
3.90379839602752
3.86889538791858
3.85081910790549
3.84826670741632
3.86003601159418
3.88494628169775
3.9218300109605
3.96952917229639
4.02689248968946
4.13976946012684
4.19728847881815
4.26021812974204
4.33074199635154
4.40769478904445
4.48975102600697
4.57562455749988
4.66408062068887
4.753939849672
4.84408259512976
4.89607558247242
5.01973654078857
5.13650824075077
5.24208440837254
5.33633717017161
5.419560684116
5.49208253874901
5.55423411899997
5.6063500562419
5.6487732050112
5.70696861836567
5.71193610776378
5.71029129410217
5.70459593627303
5.69479921332576
5.68086462924405
5.66282139991938
5.64075108779173
5.61477788366956
5.58506192776735
5.67139056131103
5.66202026747425
5.63430235799055
5.59527284928753
5.54692934662577
5.49085141124513
5.42845050501898
5.36100203362535
5.28965629642385
5.21544779879164
5.08269437481911
4.98421483418316
4.89494260845539
4.81280744475029
4.7369920303583
4.6669260027504
4.602183958551
4.54245981382049
4.48753957657327
4.43727396069134
4.44092298214767
4.39409910479097
4.34845341169797
4.30732804995689
4.27081413753202
4.23884184230728
4.21130457042837
4.18806282079023
4.16894377902636
4.15374171587789
3.99745362124391
3.99565367462579
4.0072714904071
4.02245236099602
4.04043913261579
4.06077136437695
4.08298163815307
4.10658798551723
4.13109768597544
4.15601201854141
4.35826497341955
4.37821818037386
4.3837954796565
4.38532468112094
4.38302219585111
4.37699645127185
4.36731544000146
4.35401931113032
4.33712821648977
4.31664838564304
4.39754883351678
4.39412363142597
4.37397324697213
4.34246901871041
4.30007111191301
4.24803221070506
4.18758696013369
4.11985503409562
4.04582669187589
3.96636216822457
3.80095198259689
3.70693145949816
3.61857603236751
3.53072778736646
3.44235283102132
3.3532377180045
3.2632974425625
3.17250725430192
3.08088589604164
2.98848640316071
2.65652718656907
2.56830399181417
2.49780066960772
2.42907268391536
2.36065268588912
2.29261482262624
2.22508092780853
2.15813665640937
2.09183590110374
2.02620822424257
2.06924034584962
2.00489220168952
1.93312986724092
1.86097674094802
1.78956787793647
1.71870229162609
1.64814290052013
1.57770338257704
1.50724457633149
1.43666362353257
1.50531669398505
1.4231022983141
1.33076756811235
1.23802189923108
1.14665383842083
1.05642262352906
0.96704893357964
0.878343581410209
0.79019722947793
0.702558054887576
0.661328504574843
0.575620014706416
0.486800825583672
0.397848893721821
0.308844400141014
0.219960840299817
0.131361335967348
0.0431923009870258
-0.0444136128354022
-0.131335634249024
-0.156105910878696
-0.25066176903676
-0.347171622619115
-0.441736069548446
-0.534766808931048
-0.62601361171926
-0.715253656290572
-0.802322899376606
-0.887101329123917
-0.969506331200446
-1.33239962295164
-1.39794393323166
-1.44421629343383
-1.48670516307505
-1.52453077108567
-1.55836043355886
-1.58882930811408
-1.61649263174094
-1.64184819233003
-1.66534799301183
-1.53938684455007
-1.57096056554913
-1.6092583382788
-1.6464103256678
-1.68375884026057
-1.72146609719198
-1.75965351686543
-1.79845694824767
-1.83801245833803
-1.87845131649824
-2.05922852950027
-2.09219818527961
-2.11744394685727
-2.14368396589902
-2.1723071625182
-2.20331232940927
-2.23662806341407
-2.27219301010049
-2.30995783340513
-2.34987931929589
-2.22535327693962
-2.26319586846371
-2.31663558878275
-2.37651506867783
-2.44039241555922
-2.50790974386024
-2.57883450743636
-2.65292291589139
-2.72990213945756
-2.80947275672117
-2.84418444094038
-2.93383253206381
-3.02741507044086
-3.12174958657534
-3.21644971120698
-3.31118287237626
-3.40560538254662
-3.4993652934002
-3.59210780111993
-3.68348075088931
-3.91094091747076
-4.01078182718468
-4.09843101320244
-4.17868926072208
-4.25041667819704
-4.31396299023837
-4.36980334369355
-4.41847581977877
-4.46056383099815
-4.49667156798722
-4.45938382992196
-4.48494433687134
-4.51215473969777
-4.53800949419512
-4.56235078834838
-4.58525726952048
-4.60682653567281
-4.62716141231753
-4.64636814176332
-4.66455533409169
-4.88067014244975
-4.89566968219851
-4.89684509689978
-4.89372922987561
-4.88707434997532
-4.87769114397477
-4.86630589523808
-4.8535700299414
-4.84006542567411
-4.82630902066474
-4.61757688335541
-4.59333206628642
-4.58625901114284
-4.5871096525647
-4.59382998628456
-4.60584956311486
-4.62271268829335
-4.64399978578184
-4.66931339413115
-4.69827274632015
-4.83533962161656
-4.87570383602625
-4.91064938765821
-4.9446133502177
-4.9776520861047
-5.00981457169935
-5.04114167071577
-5.07166921603925
-5.10142826539267
-5.13044494163411
-5.02518334115503
-5.0434217838961
-5.07311951224029
-5.1079832805835
-5.14645030810146
-5.18779828505595
-5.23138379786896
-5.27660336342391
-5.32288806474486
-5.3697022772559
-5.52159349836946
-5.58304248984427
-5.63318144322805
-5.67575199873602
-5.71084877230186
-5.73896635152178
-5.76065304997548
-5.77648442909359
-5.78704457348027
-5.79291018616931
-5.64386366593743
-5.64697368138683
-5.65655801061599
-5.66579201920909
-5.67427216096756
-5.68193767464307
-5.68875508279801
-5.69469904249061
-5.69975102911382
-5.70389899617887
-5.89369800251296
-5.89212086687666
-5.87846182738609
-5.86109804254783
-5.84095868837794
-5.81859614316363
-5.79449187861779
-5.76908019608919
-5.74275214920002
-5.71585815449201
-5.59815014670571
-5.58030154369717
-5.56703710069357
-5.55402860117224
-5.54110949130864
-5.52834208119264
-5.51579411639687
-5.50352591674469
-5.49158971031413
-5.48002970739735
-5.46512287895265
-5.43338376271236
-5.40649455273372
-5.38499295849062
-5.36843275988495
-5.35629481911757
-5.34807448301547
-5.34328714332221
-5.34147006812098
-5.34218351018697
-5.31027756687902
-5.31530991819555
-5.32311362301256
-5.33197069436643
-5.34149720383498
-5.35139839799666
-5.36140442555942
-5.3712671801544
-5.3807600655987
-5.38967791382802
-5.2782608144336
-5.33329103525533
-5.38586985090118
-5.42952451602789
-5.46462620725184
-5.49153517970908
-5.51067083487637
-5.52250374633104
-5.52755060368911
-5.52636296412856
-5.58372188288523
-5.52074367924095
-5.45782104339234
-5.39996139748719
-5.34722615009291
-5.29935765409353
-5.25608816248181
-5.21713943629924
-5.18221926277866
-5.15102227290976
-5.23990863498446
-5.22626702717674
-5.20704548255387
-5.18626111632758
-5.1643093108816
-5.14137909601863
-5.11763912179061
-5.09324683881839
-5.0683487110615
-5.04308007763414
-5.13466243805203
-5.11732688479988
-5.09126569823161
-5.06118871626024
-5.02799670329833
-4.99231457897202
-4.95470705016942
-4.9156914608506
-4.87573905183657
-4.83527596934726
-4.53771573787408
-4.48663743960545
-4.45390826141247
-4.42924073295845
-4.41130988172835
-4.39923076567115
-4.39218721809107
-4.38942138534868
-4.39023246738486
-4.39397341816016
-4.46038390211009
-4.44364926693782
-4.42944568737403
-4.42040409936816
-4.41595004862376
-4.41529716378772
-4.41769821072717
-4.42245465425097
-4.4289175428104
-4.43648756977575
-4.56542885999855
-4.57644833192677
-4.57889464124812
-4.57709598810419
-4.57149617430738
-4.562337049566
-4.54985641117469
-4.53429645898983
-4.51590093826967
-4.49491231064187
-4.43855070668221
-4.41282764680341
-4.38750440927657
-4.36138071052042
-4.33443628813849
-4.30672532606178
-4.27830827439759
-4.2492478785251
-4.21960845154397
-4.18945534399342
-4.23810063506245
-4.21341254833326
-4.1817561001806
-4.14656059454711
-4.10857754059967
-4.06834941291046
-4.02636912914609
-3.98308964658107
-3.93892511962603
-3.89425180390787
-3.87722752725102
-3.85107227205725
-3.81997575168959
-3.78488429708608
-3.74658582081157
-3.70580231687648
-3.66319342585978
-3.61935777434449
-3.57483442797191
-3.53010463128076
-3.26369378745063
-3.2155999813753
-3.18432009362713
-3.15962920595783
-3.14011921055909
-3.12504235556074
-3.11375859162677
-3.10570053400671
-3.10036288415227
-3.09729371076448
-3.31110487355852
-3.31490228539
-3.30488865026575
-3.2906890481769
-3.27314193254878
-3.25288725294207
-3.23048492875535
-3.20643204083289
-3.18116693454313
-3.15507285562471
-2.90599566681606
-2.89098489160671
-2.88925461779829
-2.88956082592426
-2.8909536765946
-2.89310331978864
-2.89573991472037
-2.89861915192093
-2.90151833486909
-2.9042348066782
-3.10598417069419
-3.06106713006406
-3.01073859266006
-2.96627811054717
-2.92843230156778
-2.89633503226709
-2.86915569771891
-2.84615181827333
-2.82665893378461
-2.8100787755498
-2.81965482759616
-2.84945302853578
-2.87038293732357
-2.88223812741443
-2.88590374359024
-2.88223898231953
-2.87209239748623
-2.8562892901717
-2.83561855231639
-2.81082183904258
-2.69111616207528
-2.68567083214172
-2.6789939081791
-2.66621269393289
-2.64818415794339
-2.62566820849476
-2.59937859178166
-2.56997954627907
-2.53808191943436
-2.50424188086011
-2.37040506818957
-2.34216365279855
-2.31784270705081
-2.29259421510461
-2.26658995568263
-2.24008752124536
-2.21332330091018
-2.18650878575874
-2.15983149318982
-2.13345647587885
-2.37713302515046
-2.28876268027234
-2.19268945128095
-2.106928108568
-2.03404847402929
-1.97250248855385
-1.92073022494115
-1.87736585581099
-1.8412378519512
-1.81133652217508
-1.62950740504755
-1.6320814112258
-1.64543144031981
-1.65934086034239
-1.67315701788349
-1.68681188069879
-1.70025721322521
-1.71343383169894
-1.72627273421227
-1.73869786088461
-1.81272852275558
-1.8336339352187
-1.8482737423535
-1.85935551693769
-1.86717517363136
-1.87204889725831
-1.87427421500889
-1.87412511748166
-1.87185131013735
-1.86767797582769
-1.66425606030472
-1.64008780785325
-1.63348122798044
-1.63351165022052
-1.63709265192145
-1.64320876781403
-1.65112005476414
-1.66020592019737
-1.66992793113532
-1.67981682648029
-1.88503277724195
-1.87956033568429
-1.86132548482102
-1.84176105986701
-1.82208425894599
-1.80223752455745
-1.78210587131773
-1.76159547852061
-1.74063758184863
-1.71918541695337
-1.58801749465726
-1.58199869953545
-1.57939341044137
-1.5737095223924
-1.56505073324906
-1.55369507684741
-1.53991974818172
-1.52399120354866
-1.50616330717473
-1.48667655781985
-1.48114855678716
-1.46410132373006
-1.44441497764238
-1.42265056345276
-1.39925214146783
-1.37458989775792
-1.3489931966974
-1.32275461910588
-1.29613266562281
-1.26935461794735
-1.31851053913231
-1.2786854389328
-1.23563206613644
-1.19480291042141
-1.15672014025733
-1.12121008927531
-1.08808207110546
-1.05717249788958
-1.02834358431706
-1.00147816676172
-0.760707879782858
-0.75354717937204
-0.76144280901857
-0.770468565719379
-0.779538976816431
-0.788617882138822
-0.797709352419615
-0.806798562830489
-0.81585311026575
-0.824827187907359
-0.727831086335441
-0.727327488756963
-0.736844530618843
-0.750132445559855
-0.765205059042648
-0.781514436576
-0.798665216944006
-0.816304475659844
-0.834102778716732
-0.851753519341092
-0.939815831347035
-0.972881178534401
-0.997371556406017
-1.01629189007537
-1.0295428864622
-1.03759199980188
-1.04093986469788
-1.0400730781649
-1.03545923229824
-1.02753835879735
-1.30853522301856
-1.27446316510169
-1.22126666441103
-1.1662369247842
-1.11015826169227
-1.0538599452488
-0.997950396873453
-0.942870881360626
-0.888942965349734
-0.836401913852901
-0.619925661241186
-0.57537269374994
-0.546158534334915
-0.521134682524703
-0.49770818123626
-0.475637177760361
-0.45488893204162
-0.435454999105048
-0.41732364379701
-0.400479211072939
-0.477093856252602
-0.459220993730247
-0.436325392837344
-0.414153509074701
-0.392996882059599
-0.372953748524689
-0.354090634580435
-0.336454337967663
-0.320075299648897
-0.30496982715485
-0.175563277185463
-0.171232213337092
-0.175058521167815
-0.179716412762653
-0.184822083191903
-0.19034607633101
-0.196268735773976
-0.202560854231561
-0.20918374650639
-0.216090478241303
-0.274883476815239
-0.280466282827409
-0.282722615686546
-0.284715998084839
-0.286379937816228
-0.287748363154484
-0.288847633882826
-0.289690104720733
-0.290277273022482
-0.2906020087613
-0.376389057177424
-0.368437901760996
-0.355114729507377
-0.342019051955613
-0.329735637828374
-0.318096069005507
-0.306915222016872
-0.296039777328844
-0.285347325741337
-0.274741148171599
-0.171197974174138
-0.167263397283422
-0.16902265291911
-0.170402127763071
-0.171036119243929
-0.170932967999057
-0.170121570205667
-0.16862927782939
-0.166481192710104
-0.163700703043964
-0.227475254661942
-0.219008142771229
-0.205865016611713
-0.192251442910483
-0.178028339063078
-0.163347903317743
-0.148353118801835
-0.133160643801703
-0.11786709058532
-0.102552710192867
-0.0422762316672169
-0.032126434747218
-0.0253671386126761
-0.0187120555631094
-0.0115587269017553
-0.00393449916361668
0.00409242127758839
0.0124593368383102
0.0211125080773861
0.0300048964524356
-0.226949243714539
-0.19801135639302
-0.153334878420149
-0.109691406728913
-0.0671654680652485
-0.0259803573840478
0.0137045981823647
0.0517886196022561
0.0882087330052863
0.122926725975711
0.329459023533558
0.352316530550055
0.363534409925838
0.373397845604815
0.380795184433328
0.385985335178451
0.389255813621028
0.390843752703879
0.390954560315151
0.389768085976738
0.349972896106793
0.339151478591677
0.333093289038118
0.329256804561306
0.326358039666969
0.324045272278459
0.322139251811511
0.320534505584559
0.31916386112103
0.31798525048079
0.462002677299022
0.455202861679634
0.439319597888088
0.42330905827288
0.407337606148992
0.391578103767002
0.376180484091665
0.361271350239281
0.346959978274605
0.33334198969013
0.245030934589074
0.238411439636132
0.237138007518076
0.236519992418482
0.23646051932137
0.237008218177207
0.238213975038861
0.240122753343018
0.242772521978496
0.246193953130256
0.171474517930454
0.182215224904777
0.198476114225704
0.215292568026278
0.232298107553485
0.249492034158906
0.266885549626018
0.284479604531302
0.302265019400797
0.320223982723552
0.621064374393416
0.620444277241091
0.603113245017028
0.58647923984463
0.571335215911932
0.557725305525528
0.545625036956264
0.534992908669393
0.525780041610351
0.517934628643164
0.353904936445653
0.362287968744368
0.380272284285338
0.398047081742071
0.415679161136763
0.433175301431503
0.450537498811719
0.467770361449917
0.484877639604159
0.501860732757041
0.632349664187179
0.644810941801315
0.649910824635447
0.65451566262349
0.658816536848229
0.662907472119001
0.666862506381999
0.67074062300188
0.67458926951832
0.678446693262081
0.42933988885921
0.439665215914212
0.468824154366982
0.500412338773927
0.531690223930011
0.562530924336557
0.592969545891939
0.623019609719925
0.652661468150785
0.681850970996065
0.78371002926917
0.815336719727912
0.841101152638431
0.864778218923067
0.886429736611849
0.906204586569604
0.924244143152024
0.940674423031409
0.955607793459732
0.969144261099701
1.31317747460558
1.30407022975073
1.2726005593866
1.23956405441048
1.20639407334202
1.17351023813571
1.14116432811217
1.10953404071721
1.07875176326207
1.04892115647145
0.43636262850087
0.442694992005787
0.488901413641398
0.536451543792962
0.582009982252628
0.625645928692482
0.667612707337541
0.708122620008591
0.747335764765733
0.785366110267543
0.9966290373255
1.02161975540057
1.03502084624563
1.0475120291391
1.05967707378292
1.07151947100937
1.0830094027738
1.0941175542083
1.10481742592532
1.11508564271021
1.32064517606517
1.31141536303631
1.29049191188103
1.27026235123274
1.25188733256743
1.23519455222425
1.21996681650459
1.20602300697711
1.19321798625388
1.18143652505116
1.15707799529281
1.15314440402126
1.14955144996046
1.14541080806126
1.14084442726616
1.13600345148604
1.13102777457421
1.1260446614756
1.12116945148998
1.11650634138639
1.09807239642479
1.1127102291419
1.12517915549646
1.13420449841553
1.1405093030763
1.14458873758187
1.14689321336192
1.14783497516779
1.14778466011812
1.14707115325398
1.2266498758799
1.20328669082508
1.17792612002862
1.15664637417429
1.13980102264428
1.12690953805607
1.11751507615334
1.11122957535253
1.10772413666918
1.10671670904982
0.944119802345735
0.949254088708362
0.968776967805366
0.992171171895943
1.01753291624618
1.0444815375247
1.07276080926157
1.10213217567697
1.13236372225524
1.16323067468403
1.0097792037987
1.06444477200837
1.12766895346304
1.18782520177876
1.24513301343933
1.29964324655755
1.35138152744488
1.40036728729652
1.44661464557355
1.49013496371493
1.8586377235908
1.90021831656905
1.91676723970928
1.92512423110248
1.92474011671212
1.91728791031187
1.90426529143222
1.88691271508704
1.86625803618357
1.84314795228834
1.87819707554042
1.82490074289048
1.77226055439734
1.72514064009742
1.68345345157447
1.6465418002995
1.61382779972288
1.58483380896932
1.55916543566779
1.53649550232254
1.43245894304407
1.42800790650375
1.42931959417125
1.43069817419822
1.43202997719512
1.43345543774261
1.43511143773484
1.43711784830243
1.43957786548037
1.4425791213098
1.23352977089069
1.24757880290921
1.27686686512086
1.30753654253357
1.33860326069754
1.36997939245845
1.40161620584652
1.43345194611707
1.46541145301782
1.49740880952437
1.64545082499519
1.65758820892021
1.66482310707207
1.67463080337328
1.687300825054
1.7023194740373
1.71919452643943
1.73749704049284
1.75685365833066
1.77693734466301
1.9878899747856
2.01785292480765
2.03173782283801
2.040192731615
2.04384524073302
2.04351481202642
2.03992907032569
2.03371487518095
2.02541009941812
2.01547448884526
1.87148365552208
1.8564025662253
1.85187224582658
1.84973318720382
1.84897516315677
1.84933147723185
1.85061783888982
1.85268180150589
1.85539527396989
1.8586509059423
1.71802780617942
1.70946416812371
1.71518641279087
1.72635353551491
1.74097127273233
1.75829719734029
1.77777304508108
1.79892704853035
1.82135152260723
1.84469194240456
2.07181568311649
2.11411871739122
2.13894826478374
2.15711105727534
2.16923184698109
2.17626421259993
2.17908245241847
2.17845410480101
2.17504770970358
2.16944090353428
1.78516023386021
1.78067199314065
1.80385314668312
1.83098855393641
1.85946105056383
1.88885055624367
1.91890742627746
1.94940724492392
1.98013757743575
2.01089631999838
2.18761292466168
2.22496063177804
2.24999307910894
2.27069288651603
2.28748927660618
2.30085907582692
2.31123615697162
2.31900649775443
2.32451300458851
2.32805953668771
2.45195059796656
2.42934270501296
2.4009169998084
2.37486005252991
2.35154750081754
2.3306989276669
2.31203805191735
2.29532646157497
2.28035981056322
2.26696286772138
2.25235075086887
2.24875267599125
2.24465493060623
2.23984725622721
2.23450506572553
2.22880123860532
2.22289141500025
2.21691491978687
2.21099617167825
2.20524597803348
2.17156880132181
2.16424707731909
2.1599497961796
2.15709137672804
2.15549751549663
2.15507696647179
2.15575211853122
2.15745347976009
2.16011793266191
2.16368741360873
2.28566068941045
2.28115276167144
2.27126870495063
2.26285485462661
2.25613217780672
2.25102570549047
2.24744616082223
2.24530516726958
2.24451626896906
2.24499499940352
2.19771296826431
2.1816405005526
2.17314263144254
2.17034657976693
2.17233785294285
2.17836558176766
2.18777989458519
2.20001366333786
2.21456927112485
2.23100804983368
2.06238022312994
2.14052612176826
2.22085562859075
2.29080899401891
2.35313410497493
2.40841122009271
2.45707708795432
2.49957735653395
2.53635605515024
2.56785820049685
2.78092465233005
2.79293681072245
2.78950726371493
2.78177570235164
2.77031571199227
2.75594998722551
2.73937802838928
2.72117758204397
2.70182707524889
2.68172267975682
2.7499045623128
2.74343944186537
2.72739168612462
2.7069552758025
2.68305994670512
2.65657487666529
2.62825833719293
2.59876255968238
2.56864604087351
2.53838486114687
2.51027415321587
2.46978133279707
2.43204545487542
2.39796499849822
2.36739518287035
2.34015641790494
2.31608180690313
2.29501906541735
2.27682946520124
2.26138621892948
2.10752107086861
2.07525229168603
2.06127944149857
2.05686714193249
2.06000822720498
2.06959458269047
2.08471965580382
2.10460222902642
2.12855774107749
2.1559774529171
2.22530626366668
2.27770398376138
2.32601936622383
2.37128747625905
2.41365243420354
2.45324370612283
2.49017537144351
2.52455033036174
2.55646482000984
2.58601082339133
2.71670311253919
2.74792180860515
2.76757622207188
2.78201350060798
2.79170717252043
2.79735011464127
2.79957757351012
2.79894596275742
2.79593856567976
2.79097169620048
2.73386507859326
2.72786702360083
2.72506780857102
2.72188962545713
2.71827711262796
2.71427497790488
2.70992785787102
2.70527741314304
2.70036241150344
2.69521915193944
2.82888348993042
2.81177731663485
2.78487260296313
2.75852668527326
2.73323430964573
2.70904736881947
2.68598002771211
2.66403425743105
2.64320542226353
2.62348528141398
2.36018472723787
2.32085633993841
2.30773600764509
2.30409523476248
2.30721567707844
2.31585964126736
2.32906355750128
2.3460182453074
2.36603327684119
2.38851234525941
2.44908473595953
2.45172496272648
2.45745378104438
2.4690252103624
2.48558567796873
2.50611405711231
2.52971649753016
2.55562161526285
2.58316019280556
2.61174835258625
2.69270900238416
2.76307893000317
2.82095379656972
2.86796521632724
2.90502131695264
2.93310406032894
2.95320265215987
2.96627768274668
2.97323652213906
2.97491550202607
2.93597751190629
2.94765971836367
2.95599160685508
2.95773335005506
2.95383204756171
2.94516453379229
2.93250566223614
2.91653698624736
2.89785327916938
2.87697095306228
3.08908202457565
3.00185034774171
2.90322665461201
2.81599607510519
2.74033669740628
2.67466591948938
2.61756251187282
2.56782270509725
2.52442242665327
2.48649213737047
2.33787226392195
2.32266174510503
2.31951478726659
2.31736290406363
2.31574151963189
2.31473992201525
2.31444323287507
2.31491132735802
2.31618235165672
2.31827661073474
2.35972742171399
2.38111289461746
2.39666853262704
2.4085106116485
2.41731854207685
2.42367362351746
2.42807545402401
2.43094943155932
2.43265657564282
2.43350158445123
2.31336066656292
2.32900853423798
2.35195041947928
2.37196550014672
2.38961500767036
2.4053201713856
2.41939413622739
2.43209461381109
2.44363339829059
2.45418402380272
2.2740319815721
2.27092434382772
2.28627542242656
2.3057398623793
2.32790452539682
2.3521870500695
2.37810538257024
2.40522887952205
2.43316779356778
2.46156709196611
2.78797920555186
2.7936403605
2.77559414916368
2.75837231205868
2.74316473747054
2.72964019045226
2.71743415136662
2.70623447939594
2.6957779498654
2.68584333173357
2.61047794631568
2.63980128726218
2.6678611865662
2.6870798071666
2.69858986010869
2.70353457409931
2.70291326857386
2.69760341876453
2.68837176960937
2.67588478478213
2.44040655632786
2.42355466174133
2.42625062399362
2.42951255964003
2.43224111975407
2.4344367574894
2.43614715614157
2.43741059328099
2.43825538082851
2.43870231548853
2.59068344871142
2.58663867905561
2.56882320287543
2.55003022372238
2.53089908697036
2.51156664457028
2.49213597808577
2.47269488909475
2.4533203496376
2.43408094415299
2.56845656300906
2.50223566822415
2.43048908848147
2.36914840043657
2.31791777680638
2.27524253765033
2.23974950648547
2.21029998422716
2.18595180020665
2.16592562706311
1.96519919179975
1.97106768765752
1.99282526912594
2.01351741051214
2.03286547793745
2.05119717193523
2.06875544203246
2.08570700857494
2.10216154551146
2.11818626235814
2.13270643347896
2.15368703129835
2.17338400895016
2.19134719952406
2.20773896203685
2.22269737368924
2.23633187623697
2.24873005164419
2.25996220288871
2.27008494205962
2.49089796018608
2.49832554327818
2.48630224888351
2.4715204935309
2.45491822007874
2.43692431858998
2.4178810544757
2.39805931075037
2.37767432168498
2.3568978972972
2.11131112879486
2.129435571553
2.16080631977618
2.1838614667948
2.19961150188807
2.20933626689843
2.21404639929906
2.21457475132043
2.21161884400433
2.20576895826241
2.2266162885498
2.2066913159013
2.18361475131023
2.16128582577734
2.13981344588733
2.11913528410406
2.09919584291041
2.07995203524247
2.06137196424643
2.04343321955332
1.82782992737717
1.82107503199626
1.83163584570011
1.84150510960414
1.8503548450047
1.85848758505247
1.86612895060027
1.87343860210638
1.88052582185025
1.88746160135654
2.10465201589958
2.09646564778657
2.07121201846483
2.0474458001221
2.02559371221893
2.00545125594992
1.98682292993767
1.96953424336954
1.95343205276979
1.93838316536807
1.95493626196914
1.94137767885784
1.92639384694579
1.91202155750927
1.89829303475153
1.88516523906619
1.87259944044438
1.86056278082513
1.84902751252177
1.83797012418375
1.70884254608356
1.67382831569255
1.65478961215384
1.64306806418943
1.63694747773182
1.63548109270429
1.63791243899667
1.64360434803662
1.65201256397347
1.66266671414157
1.94216821820794
1.95916293951067
1.95267388289007
1.9439654227378
1.93394662993545
1.92285032332372
1.91086269478751
1.89813733754055
1.88480216030615
1.87096420194946
1.7026073287524
1.70828921232172
1.7249346860539
1.73758551629865
1.74641582090938
1.75199309656827
1.75478870097528
1.75519796348308
1.75355504359282
1.75014438810265
1.67555253481073
1.68671985791273
1.69987035432723
1.70828002275296
1.71254576558234
1.71329300689613
1.71104132424399
1.70623447102641
1.69925399218992
1.69042944072396
1.8909263900962
1.86593430153434
1.82176161444657
1.77808953003729
1.73589870729913
1.69521703998542
1.6560048069384
1.61820747514269
1.58176687929633
1.54662680508257
1.19877881185788
1.19246263983681
1.21404466228808
1.23123581699482
1.24401162311157
1.25362316264179
1.26098544744174
1.26675269148817
1.27139910161978
1.27527174473032
1.31464036304629
1.32016667775503
1.3218509009834
1.32274720436325
1.32296379191908
1.32260402633906
1.32176018837039
1.3205051663543
1.31889632223356
1.31697845215718
1.47413702834615
1.41884566432436
1.35588449846977
1.30268165878245
1.25961849443424
1.22525737054567
1.19827591484765
1.17756542364921
1.16219153978337
1.15135910668494
1.20200372268487
1.23553729468821
1.26082774253778
1.28000464934561
1.29377877561717
1.30276328993259
1.30750576826829
1.30849920712233
1.30619215113817
1.30099433529746
1.34759428939378
1.30066340155248
1.25260867899446
1.21090917921735
1.1752868477498
1.14487399573194
1.11889662443855
1.09670105977782
1.0777345011606
1.06152759336648
0.808802388019163
0.78876632138422
0.794351865412168
0.805279122759664
0.819150500603213
0.835373582670569
0.853554805647221
0.87334995646453
0.894445211459182
0.916551303465679
0.826251677513223
0.879536853118108
0.93875930085942
0.992276093455932
1.04072750128812
1.08457043835797
1.12411481053246
1.1596012761386
1.1912245653893
1.21914873635688
1.48743958507276
1.5131712214554
1.51179708057322
1.50349825633858
1.48946786555118
1.47054740800522
1.44747893800053
1.4208926245046
1.39132266212336
1.35922326483846
1.28808251933581
1.22507324221793
1.16902697631503
1.11837932518438
1.07214748454847
1.02959550489433
0.990137970248318
0.953301763628132
0.918702819848643
0.886029699155698
0.861987943379104
0.83693218659668
0.811347845895654
0.785764165843
0.760317985622227
0.735101063344769
0.710196519474734
0.685682417334912
0.661632357694353
0.638115742063617
0.549752846260414
0.557406688846406
0.566972014067253
0.570718736969009
0.569781022335984
0.565104936300656
0.557426964560238
0.547349620253377
0.53537410567965
0.521922817686136
0.468013256469958
0.474196285888819
0.479500461312961
0.47980670088005
0.476388802902637
0.469931155655268
0.460962331751242
0.44994085356223
0.437266292460077
0.423289741810408
0.405383937954875
0.348836696701124
0.297555293474841
0.25458489533565
0.219356187173408
0.191077493141363
0.169043262570192
0.15263875662852
0.14132510414215
0.134625533615968
0.33662533980872
0.335488773876428
0.321524743940637
0.309353224554346
0.29968018940954
0.292312210266643
0.287017469336111
0.283581093538614
0.281806169465062
0.281511519949584
0.219325740275002
0.219599357346521
0.226550785752776
0.235392014949274
0.245547096565977
0.256795446972246
0.268953477999319
0.281849256344504
0.295320232445687
0.309212926452294
0.369716176425738
0.402676504184265
0.429722057864622
0.452868124256432
0.472305464692834
0.488252284992278
0.500934264588128
0.51057599125068
0.517399816340954
0.521624173136952
0.260149633875008
0.255669781516318
0.273026736549922
0.291502834118833
0.310097606603447
0.328679237011123
0.347150192825835
0.365413151407559
0.383370246067591
0.400924513243212
0.691650548295968
0.687407608479872
0.65926840476565
0.63041907214858
0.604824314607858
0.582203832653982
0.561970602897856
0.543621918127545
0.526762796047876
0.51108414200237
0.31533591560957
0.322683996347305
0.343345537732935
0.361520905386801
0.376805434837583
0.389449668361614
0.399702723718391
0.407785717109806
0.413894495007367
0.418203601291869
0.69475403588113
0.687048982510886
0.65448849659826
0.619273034740981
0.583929722214795
0.548685557968876
0.513581582976824
0.478660091018981
0.443977311108107
0.409600769155381
0.0915610557260583
0.0888322585834362
0.105792561626663
0.117659463205493
0.125680867557949
0.130657248774439
0.133151998876269
0.133628853518396
0.132473743307769
0.130011656125421
0.314052100140851
0.289719571157644
0.251730009735375
0.215445662877838
0.181954700396588
0.151153532730938
0.122878081038876
0.0969831014208369
0.0733434405161643
0.0518505481998106
-0.0845043718889582
-0.109873321876351
-0.122590929896399
-0.130663076627567
-0.135173976179927
-0.136452467155741
-0.134753199458435
-0.130315228209757
-0.123369076109484
-0.114138688603796
0.0674714396549678
0.0882602432115865
0.0954476489119617
0.100784739761216
0.105060082117481
0.108420928401886
0.110963487509597
0.112773233798285
0.113928440967226
0.114501029269224
0.0208479280970502
0.0224263325160001
0.0313055298218248
0.0403271192930605
0.0491629268729403
0.0577981215776275
0.0662299592402233
0.074452834408144
0.0824580651445399
0.0902346169303584
0.229575454646196
0.253753434962339
0.265893506064017
0.274060350887694
0.278110027461433
0.278363526245522
0.275193394168396
0.268958572704536
0.260005209885159
0.248664929609047
-0.256489094641137
-0.288947909975591
-0.279457251716516
-0.264202220267923
-0.24489402510162
-0.221919806515818
-0.195617871029456
-0.166326507103062
-0.134387332641965
-0.100144117707803
0.230663660780435
0.261883468306892
0.269088414035959
0.273261097768991
0.278472763794105
0.284827292665785
0.292056617447548
0.299877777912486
0.308042492736885
0.316337554439585
0.264833048469276
0.272999257753573
0.286302213975044
0.300015295821548
0.313248697253871
0.325842108182248
0.337717244296584
0.348813453209371
0.359078536176966
0.368467313521784
0.586659598555035
0.610471850061943
0.612388042136971
0.607422787849492
0.597549021652972
0.583404415731157
0.565470182883492
0.544177125581141
0.519920259846
0.49306518184155
0.410463753807679
0.371565916490988
0.337145782323582
0.303677221429975
0.270797385366015
0.238518116330457
0.206893966107338
0.175991042851765
0.145881200557875
0.116639012247337
0.0560719468256258
0.0267967948432988
0.0016053306348717
-0.0217049458321628
-0.0433319481984687
-0.0632861638066927
-0.0815666514960868
-0.0981751404375689
-0.113117439858159
-0.126403750722931
-0.253552660716843
-0.273955525707272
-0.281250611687568
-0.283462334479013
-0.281954728899437
-0.277111579608821
-0.269221434630773
-0.258556001066549
-0.245378713279507
-0.229945386581682
-0.0644032483762279
-0.0280836081635044
-0.00484770804735789
0.0151025798691961
0.0326119361988182
0.047932105518876
0.0612514024173446
0.0727364793026636
0.0825378523206773
0.0907922388858137
-0.104556070250382
-0.0971545649224742
-0.0731838870581925
-0.048807509649679
-0.0247719111627517
-0.00115570526523281
0.0219872253084891
0.0445981756810004
0.0666138194393416
0.0879683282406727
0.165754018985234
0.180239705164908
0.188804730201029
0.196496185245968
0.203867903264825
0.210883701984884
0.21746519822035
0.223541442189194
0.229052850451649
0.233950543608675
0.330217710709765
0.360158603752992
0.378153980952462
0.389555830129686
0.394812242394354
0.394483413559238
0.38913540036031
0.379312291002203
0.365532747232376
0.348287133718832
0.203602323171008
0.166335698792023
0.139838194157911
0.115675190307443
0.0931887620492628
0.0722433126422183
0.052752969321078
0.0346484261912333
0.017872287560814
0.0023767373287742
0.17262142176921
0.137073413941484
0.0885990154831278
0.0431302061589767
0.00303374307025949
-0.0320456560077333
-0.0626180778931838
-0.0891258435795091
-0.1119376984252
-0.13136617402634
-0.174530725366181
-0.164057390858535
-0.151879298079971
-0.141898557742686
-0.133803371175865
-0.127256447968241
-0.121974169663396
-0.117716289139276
-0.114278687874852
-0.11148748027522
-0.103033505710965
-0.110766651496134
-0.118073209749088
-0.123723939511337
-0.127720759284049
-0.130187691805047
-0.13124898491105
-0.131020485806955
-0.129610277109965
-0.127119872710688
-0.214612679571096
-0.199340323686125
-0.177287772234093
-0.156021265823452
-0.135384967874959
-0.115314209026239
-0.0957873351680306
-0.0767992410346065
-0.0583579979943464
-0.040481642842947
0.0624727746801853
0.0769874185126173
0.0834754630684351
0.0886086430962663
0.0928019405787334
0.0961132735527594
0.0985787320041406
0.100234311250524
0.101117341970327
0.101266481618901
-0.0530683647804275
-0.0449826511336673
-0.0266643164168775
-0.0100133008263693
0.00560957895189901
0.0203115443869421
0.034118269655274
0.0470503319065702
0.0591220701605288
0.0703430026830029
0.172576339351412
0.168633396517505
0.157775617104725
0.147471174223981
0.138404428234855
0.130459972159312
0.123480071370049
0.117325002262493
0.111875132238972
0.107028143694575
0.1324897910993
0.137800099666083
0.139643594106013
0.139722713258438
0.138249010132024
0.135376975059743
0.131251144517527
0.126008326798482
0.119778290505776
0.112684214604586
-0.175584682822815
-0.195441849165561
-0.190885993269282
-0.181873362453327
-0.169932228115144
-0.155419543282931
-0.138609340230556
-0.119764700679175
-0.099142891447087
-0.07699559719101
0.0637166494620689
0.0964428314902467
0.119910043415005
0.141524882375873
0.161509315671726
0.179863540812451
0.196582025195579
0.211662628843978
0.225108159562374
0.236926889568088
0.361722608774309
0.371604799980285
0.36992048496669
0.365114941809139
0.35789629353791
0.348486492650945
0.337071873992069
0.323833520109058
0.308949262953651
0.292593699137911
0.3179528424415
0.295351544766634
0.268772926796825
0.241726115455145
0.214581003578675
0.187446789856378
0.160418631415308
0.13359386115535
0.107071350917423
0.0809499240929273
-0.00321231333701023
-0.0358672806620214
-0.061719107247944
-0.0845912544137611
-0.104964618213076
-0.122970239742191
-0.138705366764316
-0.152259962684987
-0.163720234771539
-0.173170018461559
-0.0656436096699557
-0.0666187747002933
-0.0763297885921875
-0.0866661119767414
-0.0968524426787013
-0.106748224649416
-0.116269672379537
-0.125345299789817
-0.13391210060723
-0.141914839775509
-0.214329266580142
-0.233588620830092
-0.244980585258306
-0.252332873776558
-0.256523599981785
-0.257861103126298
-0.256587754774186
-0.252927767724955
-0.247094812342122
-0.239293780665015
-0.0903084045932432
-0.0764117826887529
-0.0738018572448533
-0.0727180537128343
-0.0712499907395802
-0.0692664352836355
-0.0668165201878152
-0.0639688048172042
-0.0607870745414753
-0.0573283397318857
-0.00828692048371502
0.00417613214718223
0.0115491098710783
0.0167630674883564
0.0204128220930513
0.0227109795977808
0.0238163017750841
0.0238676379029209
0.022989567027066
0.0212945274884544
-0.11340417031392
-0.104489680792708
-0.0866007644207216
-0.070685913300808
-0.0566773263091389
-0.044370291766901
-0.0335938788850437
-0.0241975832261033
-0.0160484842322551
-0.00902854351678641
-0.0370841479512771
-0.0589270881267237
-0.0752327372760284
-0.086601490496828
-0.0938235647333919
-0.097463387702357
-0.0979903607725421
-0.0958056788691946
-0.0912590369996398
-0.0846591264814797
0.111524827819843
0.150825011493609
0.171595100446424
0.186264860776709
0.196281007625478
0.202229628451038
0.204581559056596
0.203756019451997
0.200128744271672
0.194036283464279
-0.14388799146117
-0.169187875750599
-0.16331344167507
-0.152438859042475
-0.139573024353484
-0.125163582742351
-0.1094239851346
-0.092540393057146
-0.0746911185358286
-0.0560479405281282
0.0326254409211983
0.0829516024749832
0.123850820228181
0.159059691504337
0.18886013815507
0.213634432168075
0.233751532808939
0.249552328032039
0.261359160827018
0.269480669521752
0.0615591330715281
0.0495732376821615
0.0554325209364512
0.0628694345920801
0.0712068650328252
0.0802603088772806
0.0898646626235916
0.099869663479645
0.110137463104288
0.12054135311805
0.527269673331323
0.540961769748274
0.518937250415649
0.492133030166242
0.463384649291111
0.433052292648334
0.401306396845322
0.368314084957915
0.334250594870501
0.299297257668571
-0.0319426280813565
-0.0939526884936122
-0.126194250202077
-0.150668256984399
-0.170087759256352
-0.185040389365571
-0.195908722449927
-0.203034683131214
-0.20673621703017
-0.207310629812623
-0.024786181186057
-0.00987549639079431
-0.00996080417214518
-0.0116574172996044
-0.0136031994316484
-0.0156364769436257
-0.0177071983609502
-0.019780173560963
-0.0218258777605661
-0.0238190986592461
-0.180817905048567
-0.180184584576334
-0.165644385572312
-0.150254559678994
-0.134781517395036
-0.11925963922114
-0.103692950437693
-0.0880973158426686
-0.0725004292657764
-0.0569392268476303
-0.0534609974675455
-0.0612161772202169
-0.0659259923700337
-0.0665192737738923
-0.0632834796674297
-0.0567393889699597
-0.0473772940908784
-0.035634537524101
-0.0218992044886091
-0.00651640261209735
0.296376934854324
0.364783747509388
0.402433802427474
0.428885776854355
0.444991930433005
0.45189091218122
0.450741165749671
0.442617133621189
0.428494350584457
0.409245040515454
0.237527135079839
0.214578337530532
0.201633686929612
0.18595921471069
0.167661380013287
0.147180079090173
0.124908933905308
0.101199638390083
0.0763659027332647
0.050687832520909
-0.0453124159743727
-0.0939053873554327
-0.132811578873831
-0.166261572697686
-0.195089301513776
-0.219767143537332
-0.240680894794434
-0.258159179099187
-0.272482786307648
-0.28389196870133
-0.273768720281353
-0.291779975591393
-0.307547868008557
-0.318767032007581
-0.325596542341883
-0.328455899583611
-0.327746024702926
-0.323829915417506
-0.317036830278869
-0.307667836540069
-0.3371358385223
-0.298879157840396
-0.258545541060197
-0.221468374847124
-0.186808367556938
-0.154196703581288
-0.12340823311015
-0.0942837573354286
-0.0667132068334896
-0.0406226549422151
0.13456158457411
0.123658400725596
0.0984121683241936
0.0748281411080763
0.0569156682432711
0.0441495448104246
0.0356332826829406
0.0305691218011521
0.0283133285427856
0.0283477166135687
0.157454943126587
0.174532230525174
0.178468103363513
0.178740962174134
0.177481452042528
0.175045106595487
0.171560140702907
0.167113543826179
0.161782616282805
0.155640232644034
-0.0417702142825668
-0.0411364102053666
-0.0232014551385826
-0.00548617967205146
0.010439775101999
0.0246304569902028
0.0372626805547304
0.0485010637247034
0.0584883203928875
0.0673471749490099
-0.134489880314995
-0.112951649226099
-0.0761643719100351
-0.042206777793082
-0.0108827699093263
0.0181096588796154
0.0449768328897742
0.069878984098655
0.0929412746185301
0.114262067395487
0.352361210705471
0.370895858789042
0.368003270556294
0.361275642796258
0.352289753041146
0.341330972644122
0.32857500205241
0.314183723285326
0.298313511811927
0.281116472594299
0.411656085757646
0.401304028992769
0.375471201157055
0.345777217601262
0.31331218440129
0.278586479904104
0.242035128161834
0.204049971211039
0.164986342119721
0.125167047880409
-0.112959661237551
-0.176286792777503
-0.217636468183115
-0.251974700909982
-0.281160301558816
-0.305714127692927
-0.326004282295838
-0.342348321395077
-0.35502662120474
-0.364288506768143
-0.30069617779153
-0.26755790037608
-0.244860316408005
-0.227840656685685
-0.21572838817502
-0.207668435323389
-0.202934053270567
-0.200930948948864
-0.201159288406319
-0.203190425462621
-0.0354753956646987
-0.0590361306296975
-0.094132939653459
-0.127367884206262
-0.157688872501085
-0.185188860207562
-0.210018403390788
-0.232309879312877
-0.252176847184265
-0.269717966300886
-0.464660060866953
-0.476984709506664
-0.474078812940404
-0.468418885747934
-0.459830932139704
-0.448406852001839
-0.434292747534653
-0.417646684839012
-0.398640432956818
-0.377458931705803
-0.42519727601409
-0.397367220101801
-0.363612035559771
-0.328882732309008
-0.292704009531754
-0.255251037152992
-0.216768024774542
-0.177508500352113
-0.137737022052834
-0.0977255618037696
0.00398657600936187
0.0414137153501162
0.0737502921437266
0.104768658750002
0.134270401865887
0.162080445915569
0.188048839828627
0.212047011779821
0.233968560504063
0.253729372744218
0.366269949835996
0.395196882905616
0.413649168834614
0.426928179532938
0.434721126377127
0.437265811560688
0.434880782944772
0.427910966325363
0.416723205807357
0.401698045450801
0.412110784815671
0.376413810453798
0.337634877664994
0.299117895602962
0.261161940728837
0.223814998268074
0.187128255898751
0.15116856854557
0.116014522973093
0.0817522877391473
-0.0387129308809739
-0.082896171773789
-0.117286710913199
-0.147037087652361
-0.173019357191737
-0.195451817622318
-0.214489696443094
-0.230276363821399
-0.242951457321291
-0.252653576518992
-0.283880522938916
-0.273321401428045
-0.260335096555466
-0.247612310801373
-0.234886241565403
-0.222043144337334
-0.209012859287573
-0.195750956947934
-0.182235313365168
-0.168462613537988
-0.208236784069375
-0.197029600944974
-0.181518719552684
-0.164958822742009
-0.147434897457722
-0.129087100732052
-0.110064779190929
-0.0905177314427898
-0.0705957481532781
-0.0504476117722751
0.131422510059433
0.155971212854394
0.167693622343612
0.176645537399679
0.182978153911077
0.186825749882555
0.18833405664173
0.187651492639535
0.184929454160951
0.180321490302884
-0.0893362193859043
-0.115797411362613
-0.120274164939689
-0.119136317448446
-0.114643028933048
-0.107244304002382
-0.0972415539002341
-0.0849148170425747
-0.070534812504029
-0.0543636734674292
0.0444998806938152
0.084113956213989
0.116979648812995
0.147027030417676
0.174090898110614
0.198191649326786
0.219367797940165
0.237659377086738
0.253112808625552
0.265783439112018
0.400839439704906
0.398310016752401
0.383971054846892
0.367208144470415
0.348963227742437
0.329429423221405
0.30874821631642
0.28705990650445
0.264506567869463
0.241231473598321
0.328772476921067
0.310978817927686
0.28323896657475
0.252845443439545
0.220565997654432
0.186782799851012
0.151836329260367
0.116047823135226
0.07972122718694
0.0431436873127451
-0.220072086118594
-0.258350591180261
-0.278500904264496
-0.295726970298494
-0.310139497910669
-0.321767519152509
-0.330645767546366
-0.336810163426221
-0.340302665043916
-0.341173347497212
-0.373453528469963
-0.37664655560648
-0.373949669632058
-0.367165662290107
-0.356702861261975
-0.34286365563294
-0.325944253854732
-0.306240681707608
-0.284048296188264
-0.259660763533207
0.0773001822253072
0.11669081501438
0.132191808979356
0.142591878239532
0.14989036386757
0.154405227648926
0.156327031665335
0.155833972825431
0.153101047796873
0.148300634515623
-0.344799642729345
-0.361592619456182
-0.342936445182268
-0.320078224900198
-0.293176727625103
-0.262633158707022
-0.228887919577782
-0.192372833487572
-0.153515355313301
-0.11273773414654
0.327469218316155
0.376091829656552
0.392753915866377
0.402035651638824
0.407217907524334
0.408743751610045
0.406838618699899
0.401709386318112
0.393563012740613
0.382607658777644
0.350245945292268
0.339564262164907
0.327480580670553
0.312616618704183
0.295167064680167
0.275416400088607
0.25364946102089
0.230144791543439
0.205173550160281
0.178998865680271
-0.0109227796585189
-0.0417889165745424
-0.0605373767520424
-0.077253323046857
-0.0922530146141588
-0.105561034057091
-0.117191263462975
-0.127161740639106
-0.135496177137337
-0.142224018901099
-0.112585137555484
-0.114523577279299
-0.117742836235424
-0.12020457557081
-0.12186932778789
-0.122735105395587
-0.122807517567299
-0.122098508237768
-0.120625730577731
-0.118412183390922
0.0397572940217922
0.0454538101910901
0.0400935073504745
0.0331112307824614
0.0252366554877196
0.016631987549061
0.00741902537819575
-0.00228658163999738
-0.0123733227738284
-0.0227339128690219
-0.0376516910194042
-0.0477650044263786
-0.0575225392145453
-0.0671901521330365
-0.0767016572335155
-0.0859789320083663
-0.0949485299506368
-0.103542825775224
-0.111700138951446
-0.119364770743443
-0.29564788839309
-0.30668488555581
-0.304413069731922
-0.299068535599607
-0.290783733184825
-0.279764928330708
-0.266233323869813
-0.250413519924818
-0.23253433046707
-0.212827798582482
-0.226835600142023
-0.207625580195589
-0.18459761520625
-0.159858940738233
-0.133805874155284
-0.106718208844807
-0.0788608847872501
-0.0504896887793308
-0.0218508094971396
0.00681995191773208
0.0831652863329719
0.115720968207974
0.143684989082008
0.169611254284292
0.193461944687954
0.215164138769373
0.234657079479979
0.251894651967234
0.266846070456931
0.279496048017749
0.316023827092888
0.314865993953785
0.3104077429815
0.304905964347889
0.298678333351948
0.291730467482893
0.28405653872783
0.275660570528324
0.266557711281892
0.256773116178885
0.281854762858289
0.282800561981592
0.279050098220741
0.272227449592617
0.262613905259198
0.250467717637923
0.236045912845632
0.219604046402889
0.201395017797421
0.181667774510922
0.125403340407692
0.105284301567923
0.0867307621360216
0.0676174493905867
0.0481385015942392
0.028468166596764
0.00877170883627051
-0.0107935453826299
-0.0300789422795827
-0.0489446915479108
-0.030292733334965
-0.0545795201954152
-0.0800923703489596
-0.103953195947799
-0.125819749320012
-0.145665782268651
-0.163492150594985
-0.179307191350967
-0.193125585907143
-0.204968715300696
-0.151198656891937
-0.156982340680605
-0.166108278970771
-0.174755004377764
-0.182407584063589
-0.189015109315977
-0.194566781754455
-0.199061293587622
-0.202503670325398
-0.204904836057122
-0.194340602549066
-0.191832058700216
-0.189184067287258
-0.18607354759343
-0.182490457782653
-0.178442367693505
-0.173942540807421
-0.169008982671961
-0.163663919277917
-0.15793330535306
-0.394847086932054
-0.400104281690811
-0.385799298166988
-0.366067404097508
-0.343005455596822
-0.317068356772421
-0.288589958087875
-0.257890990283718
-0.225288486684676
-0.191094984796864
-0.00191870588950599
0.046688242171801
0.0841582822715313
0.11876756845518
0.150821313539512
0.180273994849552
0.207071327768339
0.231171745844217
0.252548490352593
0.27119013552735
0.462863285836111
0.47724781678791
0.475158696585701
0.467771676654213
0.456674416717838
0.442197416814307
0.424581618871827
0.40406441181899
0.380887435505933
0.355296725102546
0.248402285359776
0.214634334532009
0.185891153728344
0.157621507757468
0.129389945102021
0.101291953957858
0.0734607622246125
0.0460312892937939
0.0191356715419271
-0.00709817752118839
-0.202003179460374
-0.231103784088613
-0.246444135622306
-0.258027144228174
-0.266425981340013
-0.271782987480254
-0.274223701455288
-0.273881948056892
-0.270900787836068
-0.265431741741446
-0.338328496463384
-0.332179713982471
-0.317907366959299
-0.300280667630487
-0.279889061916428
-0.257041589640268
-0.232028805773639
-0.205138629170628
-0.17665619854564
-0.146862735934797
0.103627091149587
0.140486851670199
0.160375058225275
0.176144095823619
0.189556770418374
0.200785457533663
0.209891608893587
0.216931791256677
0.221968253616794
0.225069411159419
0.0961584296398918
0.0950055356773074
0.101626570668988
0.108262685840332
0.114337407635904
0.119791508707763
0.124604077584951
0.128761179547589
0.132253723759913
0.135077234104132
0.473014246544069
0.487564254079281
0.475567295095495
0.456511651787515
0.432300356570082
0.4035670147206
0.370843981524563
0.334639439393535
0.295442356002864
0.253722957347421
-0.0746297666714571
-0.126211751474597
-0.158744165970543
-0.188822977684607
-0.216316377968866
-0.241180555769763
-0.263383783947097
-0.282898654468356
-0.299706581206391
-0.31379861952725
-0.37670184897355
-0.388305172891762
-0.392328202692825
-0.392127903949844
-0.388029822746349
-0.380279875242304
-0.369127279248884
-0.354828750824727
-0.337647637496373
-0.317852452633491
-0.156097129453553
-0.126186698920617
-0.105375647804342
-0.0857295566279249
-0.0670552408979585
-0.0493717591885188
-0.0327087176340958
-0.0170941147418714
-0.0025525048367486
0.0108956013492585
0.0460266679536116
0.0580529632420012
0.0670028000304016
0.0743227486541569
0.0801065274771672
0.0844164695066804
0.0873167845203314
0.0888753468399108
0.0891636235708133
0.0882563476463434
0.0242030978847001
0.0178764151372338
0.0159584713884854
0.0148506332421623
0.0139954885914317
0.013324264484319
0.012807056876627
0.0124204154673379
0.0121435669897467
0.011957904737619
-0.127064474143693
-0.132457803702459
-0.127043464116348
-0.119068427092789
-0.108804307504806
-0.0965120461997705
-0.0824479982681815
-0.0668612077348055
-0.0499942851098551
-0.032082949393709
-0.0431303759821376
-0.0237014159385696
-0.00211394060363217
0.0198282268633472
0.041970138129306
0.0641173702819979
0.0860800053635436
0.107676820767832
0.128735081208829
0.149090915086103
0.305213905323416
0.325930587488868
0.335197585055697
0.340987449874164
0.343456719070376
0.342754548350721
0.339043095804431
0.332495701745016
0.323296735275625
0.311640039403815
0.315125705689713
0.303340822966699
0.288028155859653
0.270238238815504
0.250199936128868
0.228173282641083
0.204420397377703
0.179201743188172
0.152774684622528
0.125391901637344
0.154403601160314
0.123742913414124
0.0891628259477609
0.0544548100460339
0.0200155183399182
-0.0139125111234871
-0.0471086977098314
-0.0793667470362289
-0.110494386896391
-0.14031362268379
-0.281100468803643
-0.313247002928064
-0.334435993623693
-0.351165138220731
-0.364093468331627
-0.373372785189301
-0.379133272013268
-0.381515297836708
-0.38067095248278
-0.376763280609244
-0.40858853742855
-0.400896779862005
-0.387929128528196
-0.371996734773984
-0.353526674634745
-0.332766264272524
-0.309953882840558
-0.285329132275625
-0.25913236325633
-0.231603366618674
0.0387652525004676
0.0780933874661058
0.098777625023152
0.114827311202958
0.128010751015524
0.138552357422865
0.146568422773433
0.152168688735704
0.1554655767687
0.15657469745963
-0.0890484575190619
-0.0958268595562559
-0.086674503275957
-0.0764050637941445
-0.0649403758591522
-0.0524445598066124
-0.0390965904659714
-0.0250668875275393
-0.0105206681658408
0.00438216569632251
0.159359140064222
0.177467239398119
0.184239218608846
0.188212256565156
0.189817282364079
0.189213493696738
0.186547687288728
0.18196902556802
0.175629523937421
0.167683282294746
0.0998730446530615
0.0841648013219689
0.0725815915295463
0.0618391248621231
0.0516057856184516
0.0418678903108433
0.0326346837653543
0.0239174398094126
0.0157273168675348
0.00807478268841972
0.0353347406680921
0.0313275279377636
0.0254702247888566
0.0195163737993882
0.0136110600758479
0.00779934773096244
0.00211794579181798
-0.00339923885727963
-0.00872084146345914
-0.0138180966692652
0.0189680924182169
0.0140110991655323
0.00668944458176587
-0.000701144183040594
-0.00787690884784303
-0.0147938667194513
-0.0214262335682702
-0.0277512249829966
-0.0337478742826501
-0.0393971032358024
-0.31840574625091
-0.337565490127374
-0.334559359220078
-0.325313838114981
-0.312930729662031
-0.297802361044421
-0.280115368248698
-0.26003806454017
-0.23774693138539
-0.213427574761458
-0.0156743949060403
0.0241610246384151
0.0516183682665377
0.0763992526174341
0.100053046789208
0.122648635201398
0.144138624246483
0.164467746753271
0.183586798068583
0.20145369880956
0.190226733855077
0.225261382180067
0.259070599475426
0.288639220989398
0.313981795069946
0.335213657230767
0.352464691102625
0.365876194455316
0.375600862092946
0.381802449279378
0.471993123807439
0.482957553705855
0.482682885956607
0.476464896946877
0.464905688824088
0.448537615588715
0.427882368099956
0.403448394315711
0.375727221662956
0.345190134645508
0.442870013051627
0.396831682856928
0.340198589591699
0.283135367148752
0.226613841882596
0.170843935598312
0.116006885308751
0.0622944381425764
0.00990411291111824
-0.0409668667085647
-0.142819371978715
-0.194669375357922
-0.240012983587611
-0.281803428566693
-0.320209879960345
-0.355209063107823
-0.386778007524807
-0.414906579161312
-0.439598156632944
-0.46086935698774
-0.673459535603066
-0.687369855678973
-0.683384414583347
-0.674845018519811
-0.662203735461346
-0.645525907976244
-0.624906182913685
-0.600488617615123
-0.572463088694652
-0.541059171469844
-0.486730998241196
-0.446856409204063
-0.406388512204212
-0.364476877946134
-0.321362055648877
-0.277302810797025
-0.232571713873347
-0.187450651666841
-0.14222624442289
-0.0971860732978406
0.0411832969088305
0.0862597457331593
0.123579747722301
0.15837348038291
0.190606418356461
0.220171052091349
0.24697397919371
0.270940468195009
0.292015915309985
0.310166306635573
0.485033703031273
0.504504403879352
0.508289277282089
0.50589707790232
0.497907092562157
0.484770291722145
0.466934662773777
0.444847276024453
0.41895139772009
0.389683235273783
0.241218170382109
0.198738022857664
0.164056874283442
0.130640745313573
0.0981124522358348
0.0665508457080938
0.0360618731381705
0.00674941363184848
-0.0212877742367772
-0.0479572401115385
-0.00690588210462697
-0.0276188155723534
-0.0524045420403937
-0.0770410394244137
-0.10110989119276
-0.124429534229686
-0.146845385600667
-0.168216292443283
-0.188413774630055
-0.207322090828363
-0.271985107981414
-0.290400306477297
-0.303105608259636
-0.312968818154378
-0.320272929540256
-0.325097639375987
-0.327519163175835
-0.327623113122804
-0.325504840302604
-0.321268833035906
-0.559932415881093
-0.561479365833548
-0.542535036989558
-0.51743407202517
-0.487456709636657
-0.453162855475133
-0.415061754868939
-0.373653313619397
-0.329428799951612
-0.28286910403497
-0.350167969896856
-0.308264362526596
-0.255605625880097
-0.19961241976741
-0.141583284057816
-0.0821013711862364
-0.0216746099797163
0.0392195519191421
0.100130979160764
0.160636965279501
0.4130550101387
0.487406569313017
0.544352149818645
0.59446129183834
0.638433811013588
0.676314748380176
0.708143348629603
0.733995213902749
0.7539827553335
0.768252155745613
0.8980889271599
0.920560369406152
0.92571837523584
0.920467623369113
0.905891905812278
0.88289613004114
0.852360836492235
0.815141857582217
0.772062366727449
0.723908026559432
0.67700535263804
0.612693185760754
0.546735128792545
0.480207858508579
0.413501012327466
0.346963690046842
0.280932309762857
0.21572893460296
0.151658551427154
0.0890068463587489
0.173433471435779
