0
3.13435829844158e-05
0.000120626578753296
0.000257127384206255
0.000430214835717957
0.000631701938472165
0.000855342194006216
0.0010962770010381
0.00135062937282655
0.00161521724042409
0.00188735241094531
0.00212424103031173
0.00228934942111584
0.0023946917261095
0.00245253871285794
0.00247204883922289
0.00245997537920475
0.00242134553545252
0.00235997322214269
0.00227882289937091
0.00218026562596852
0.00214597708430362
0.00224373904513865
0.00244422199992047
0.00271875140861565
0.00304600650978722
0.00340997532284154
0.0037985525519108
0.00420241749490794
0.00461422998388761
0.00502806311301179
0.00535953590657007
0.00553804931040289
0.00558900524557172
0.00553752735561779
0.00540233888846394
0.00519710331607691
0.00493188723519669
0.00461423601458718
0.00424993335696463
0.00384353451811351
0.00331222713919137
0.0025887117437858
0.00171080964838668
0.000714468675963551
-0.000372861710687715
-0.00152746992388792
-0.0027306970627294
-0.00397033844735525
-0.00523633471161319
-0.00652014518027623
-0.00764497217071732
-0.00846386575750098
-0.00903483783946035
-0.00941426127212559
-0.00964398984796472
-0.00975444272934045
-0.0097678942193076
-0.00970088937812805
-0.00956594986299507
-0.00937277104966708
-0.00937594161163034
-0.00978801794158964
-0.0105241328459691
-0.0115010708026419
-0.0126559543361848
-0.0139420025724266
-0.0153239444120717
-0.0167746458676868
-0.0182727275568746
-0.0198008917643696
-0.0211917455320508
-0.0223043407106508
-0.023182069912683
-0.0238681754273474
-0.0243942930188462
-0.0247828794830757
-0.0250498874105372
-0.0252067348672381
-0.025261697668134
-0.0252208878869842
-0.0250225656120121
-0.0241780405866208
-0.0223645444867704
-0.0197586610428473
-0.0164751874891106
-0.0125985722995523
-0.00821896947689177
-0.00342625554783318
0.00169258759627464
0.00705489467079348
0.0125661649425454
0.0181403936876626
0.0237206631837102
0.0292610498806117
0.0347241676621928
0.0400794614569306
0.0453017806429077
0.0503700830846947
0.0552663445026315
0.0599747120400529
0.0644545389367486
0.068651700661273
0.0725295416664837
0.0760604563923168
0.0792234836851169
0.0820026657910658
0.0843858827216485
0.0863640445470914
0.0879305579319578
0.0890809879217983
0.0897908142618347
0.0900474443037405
0.0898727205904978
0.0892881453006241
0.0883118723853437
0.086959493645308
0.0852451472603646
0.0831822990403962
0.0807842481829756
0.0780644498904151
0.0749889539494613
0.0714998256830739
0.0675720317852516
0.0631957763401625
0.0583718773745612
0.0531097066599601
0.0474255577337597
0.041341247376818
0.0348829151363413
0.0280799973837489
0.0209651846111121
0.0135770731930907
0.00595744088335067
-0.00185365080444517
-0.00981772135290865
-0.0178977234984724
-0.0260579118201061
-0.0342637018666482
-0.0424815195798396
-0.0506786466510761
-0.0586488936478029
-0.0661902564918454
-0.07329728165997
-0.0799811588986567
-0.0862467322320031
-0.0920913464928
-0.0975076069518713
-0.102485540879596
-0.107014042329786
-0.111081886168936
-0.114815161619797
-0.1183340703004
-0.121608248902779
-0.124602499399913
-0.12728741240752
-0.129639531395373
-0.131640843119093
-0.133278286087839
-0.1345433159043
-0.135431520848298
-0.135752157816097
-0.13532879203164
-0.134196990703211
-0.132397877979249
-0.129968955211101
-0.126948964567279
-0.123379013335473
-0.11930301654802
-0.114767856676448
-0.109823325319224
-0.104737360159187
-0.0997811765513185
-0.0949956876670682
-0.0904012694144268
-0.086013913897582
-0.0818484306132008
-0.0779186160146622
-0.0742371638286661
-0.070815555751129
-0.0676639692587334
-0.0648293285857517
-0.0623572343196452
-0.0602509067919803
-0.0585086658639745
-0.0571268442570898
-0.0561003662622003
-0.0554227908219727
-0.0550863190575027
-0.0550818085803885
-0.055398800411253
-0.0560032160708538
-0.0568682923915064
-0.0579972393699987
-0.0593909763725151
-0.0610466098109074
-0.0629577412571473
-0.0651147943375561
-0.0675053415279616
-0.0701144282386003
-0.0729248917990618
-0.0760679209974244
-0.0796745901219428
-0.0837154438190056
-0.0881480662997257
-0.0929272401215205
-0.0980062574380737
-0.103337389589193
-0.108872280096149
-0.114562314362674
-0.120358969978507
-0.126082577318636
-0.131548988808533
-0.136711400773819
-0.141536401191212
-0.14599547391243
-0.150064121175501
-0.153721744420579
-0.156951566837295
-0.159740547211588
-0.162079280978494
-0.163849610740615
-0.164931599677399
-0.165323831594655
-0.165037881257099
-0.164090532455593
-0.162502337084005
-0.160297316328152
-0.157502725939314
-0.154148802204089
-0.150268481690514
-0.145871122543275
-0.140977802228689
-0.135648443108611
-0.129945196894738
-0.12393009517745
-0.117664882078275
-0.111210741809781
-0.104627999342516
-0.0979758093742176
-0.0913118397544499
-0.0848426728580224
-0.0787767989576834
-0.0731629656671359
-0.0680348274421509
-0.0634197017802616
-0.0593386826017676
-0.0558068538593106
-0.0528335518051561
-0.0504226624928642
-0.0485729495755862
-0.0472802787975575
-0.0465255012272843
-0.0462741855400558
-0.0464915248403457
-0.0471433980537791
-0.0481963589484704
-0.0496175127032265
-0.0513744266054818
-0.0534350791391976
-0.0557678415459943
-0.0583664561603144
-0.0612290184024595
-0.0643309427124664
-0.0676452314085936
-0.0711439972586796
-0.0747988048354213
-0.0785809036588372
-0.0824614444491885
-0.0864116843491411
-0.090403181208251
-0.0944975345386314
-0.0987619953492111
-0.103172648726485
-0.107697362447618
-0.112302115702181
-0.116951835848409
-0.121610833694679
-0.126243183295518
-0.130813071022011
-0.135285117132954
-0.139478799567927
-0.14320955880992
-0.146445818090819
-0.149170241397175
-0.151370522464382
-0.153039009847403
-0.154172517057294
-0.154772134443653
-0.154843031241445
-0.154394245266537
-0.153307767570486
-0.151462690739134
-0.148875265245973
-0.14557632708186
-0.141602529971768
-0.136994915905542
-0.131798304144133
-0.126060747057455
-0.119833000633053
-0.113168006806646
-0.106178575443277
-0.0989855350578324
-0.0916546202040601
-0.084246197211629
-0.0768183692999837
-0.06942691563879
-0.0621250537000698
-0.0549632089682453
-0.0479888065346969
-0.0412460875875161
-0.034843355310172
-0.0288899192909141
-0.0234233098191386
-0.0184708641474194
-0.014054022016555
-0.0101887565400681
-0.00688582396281996
-0.0041510198421844
-0.00198545063532772
-0.000385818066871647
0.000976541585699561
0.00245426840437153
0.00407583804030507
0.00584006205012884
0.00773845019233172
0.00975784379247441
0.0118811246354413
0.0140877547045821
0.0163542731345568
0.0186547617524631
0.0205720515682575
0.0216793597403916
0.0219615721221097
0.0214405288288163
0.0201454319985043
0.0181082659834142
0.0153633711737701
0.0119473373847102
0.00789890037335028
0.00325881013993684
-0.00175867212155754
-0.00695043484890795
-0.012307477976869
-0.0178298012543158
-0.0235141009890007
-0.0293534833867905
-0.0353378861567716
-0.0414545208478705
-0.0476882878052017
-0.0540221618911588
-0.0605944766655167
-0.0675473087061333
-0.0748579513305877
-0.0824890302573667
-0.090399347615247
-0.0985451915588993
-0.106881032126238
-0.115360120170721
-0.123935028615387
-0.132558141319436
-0.141133298481454
-0.149549279818512
-0.157734076862009
-0.165625145488383
-0.173167184429894
-0.180311739393126
-0.187016956804433
-0.193247341909455
-0.198973509218977
-0.204171923286766
-0.208810437636724
-0.212869445279789
-0.21635593379161
-0.219280540341876
-0.221655939274042
-0.223496737119854
-0.224819437195622
-0.225642386234387
-0.225985699338402
-0.225871165092936
-0.225234742880536
-0.224019751131516
-0.222269010167715
-0.220030545890394
-0.217352017633958
-0.214280973852134
-0.210864866740028
-0.207150994475655
-0.203186400206649
-0.19901773676483
-0.194750066695268
-0.190483292904477
-0.186249294942741
-0.182075192684557
-0.17798713632919
-0.174010330103735
-0.170168852217669
-0.166485480532884
-0.16298153728713
-0.159676753781129
-0.156524187265296
-0.153472176404194
-0.150534186571387
-0.147727806032554
-0.145070509619011
-0.142579184043442
-0.140269930016126
-0.138157901371479
-0.136257164918147
-0.134580579425808
-0.133395573376208
-0.132968690293177
-0.133289978591817
-0.134324826653496
-0.136033008191415
-0.138371924365036
-0.141297118071478
-0.14476255876785
-0.14872090061282
-0.153123738650506
-0.157663236701931
-0.162025705434657
-0.166169673323908
-0.170075929407426
-0.173730034190108
-0.177120616170537
-0.18023915420575
-0.183079857758953
-0.185639549025195
-0.18791753980561
-0.190111932999956
-0.192436472683418
-0.194909071038192
-0.197531050520028
-0.200298993060878
-0.203205662312752
-0.206240517304789
-0.209390176782156
-0.212638855243567
-0.215968772682836
-0.21927305739889
-0.222436312517518
-0.225429550221213
-0.228232376698787
-0.230827632706861
-0.23320084857926
-0.235340121511005
-0.237236019560802
-0.238881484674507
-0.240271732455117
-0.241518164598194
-0.242747041928644
-0.243976056575865
-0.245212597548688
-0.246460129267616
-0.247718407263577
-0.248983964971945
-0.25025058460924
-0.251509731465353
-0.252750956506893
-0.253860210745564
-0.254713321903092
-0.255286739641605
-0.255567374950697
-0.255546444714826
-0.255218716433246
-0.254582236578202
-0.253638096661248
-0.252390205624922
-0.250845065792635
-0.248825598947204
-0.246147199325998
-0.242817970892452
-0.238865784748221
-0.23432524715361
-0.229235312317439
-0.223638582163018
-0.217580759189786
-0.211110132117426
-0.204277081099176
-0.197310546809865
-0.190445945121687
-0.183733629511447
-0.177206627138573
-0.170893306175104
-0.164819739243864
-0.159009873157018
-0.153485512596214
-0.148266290674024
-0.143369651251315
-0.138900006575689
-0.134973852281152
-0.131622482471245
-0.128863662751885
-0.126707322404705
-0.125156656866729
-0.124208735990323
-0.123855056919108
-0.124082072184273
-0.124871694385956
-0.125998080627081
-0.127226929847569
-0.128534967770854
-0.129913914387073
-0.131356838537171
-0.132857202331118
-0.134408790719559
-0.136005701382618
-0.13764233974055
-0.139313415115743
-0.141266051567078
-0.143762551446057
-0.146808218943457
-0.15038398223155
-0.154462933219838
-0.15901195791884
-0.163992743791277
-0.169362683113772
-0.175075705162903
-0.181083041517438
-0.187135384796034
-0.192970106317272
-0.198527336098091
-0.203767766350196
-0.208658797895084
-0.213173329036298
-0.217289400379656
-0.220989908574432
-0.224262335773798
-0.227098490037954
-0.229670120348773
-0.232164321136057
-0.234593476110304
-0.236956269817442
-0.239248817757467
-0.241465276288068
-0.243598244290852
-0.245639119193602
-0.247578415751252
-0.249406052426179
-0.250927996657632
-0.25193665029877
-0.252409658624819
-0.25234394862148
-0.251743582511806
-0.250618188788156
-0.248982387682159
-0.246855300836282
-0.24426007955966
-0.24122344632729
-0.237773885573158
-0.23394168567919
-0.229760155118541
-0.225264906191844
-0.220493322621332
-0.215484139133347
-0.210277060502767
-0.204912401397501
-0.199430745965658
-0.193872627549705
-0.188473334058238
-0.183492727381402
-0.179004114478223
-0.175059104005299
-0.171698068093417
-0.16895007315721
-0.166833587636812
-0.165357283855348
-0.164520869330115
-0.164315937785057
-0.164512169792288
-0.164855290520478
-0.165301275900917
-0.165825023770694
-0.166405930521728
-0.167026592660124
-0.167672430742636
-0.168331400435605
-0.16899373277904
-0.169651697306033
-0.170469858073109
-0.171607998124379
-0.173037044449747
-0.174714624254586
-0.176599252448077
-0.178652352253912
-0.180838150366292
-0.183123438942447
-0.185477368639765
-0.187871283242542
-0.190327390909544
-0.192868251517441
-0.195464191794002
-0.198083397830834
-0.200695866414209
-0.203273920212547
-0.205792139149449
-0.208227260425296
-0.210558090853728
-0.212765432764468
-0.214944094935369
-0.217215373069616
-0.219603408661236
-0.222117516502491
-0.224759295639273
-0.227523845478628
-0.230400731312173
-0.233374850494408
-0.236427213577692
-0.239535648874927
-0.242507219961044
-0.245132065136464
-0.247367417050848
-0.249189189471424
-0.250579987162791
-0.251527539666318
-0.252024269527597
-0.252066959569804
-0.251656438098031
-0.250797273451635
-0.2495320429747
-0.247906755917617
-0.245932952257885
-0.243621183175018
-0.240983632065401
-0.238034272747192
-0.234788687624004
-0.231263861315005
-0.227477976839782
-0.223450217535978
-0.219170749689409
-0.214643720337678
-0.209917472245532
-0.20503902197515
-0.200051586810481
-0.194995074753877
-0.189906331288826
-0.184819320478962
-0.179765268764962
-0.174772779885573
-0.169766395239235
-0.164647668979821
-0.159407029747035
-0.154047273647478
-0.14857627576201
-0.143005116560217
-0.137347436771593
-0.131618958475926
-0.125837067482479
-0.12002043860366
-0.114063124206501
-0.107879536325238
-0.101537847476319
-0.0951123146675347
-0.0886732156010894
-0.0822871426003453
-0.0760169302403009
-0.0699215254569896
-0.0640558545570659
-0.0584706954168319
-0.0533832121467446
-0.048999657805591
-0.0453305869063321
-0.0423671997993843
-0.0400962669400913
-0.0385019992818057
-0.0375663364190796
-0.0372690947485775
-0.037588105185203
-0.0384993533283906
-0.0398007502053332
-0.0412732204670305
-0.0428736764351855
-0.0445782496841272
-0.0463683936245666
-0.0482290348452302
-0.0501480974557656
-0.0521161706221346
-0.0541262155126589
-0.0561732987020639
-0.0583474814264778
-0.0607431172751752
-0.0633572224142942
-0.0661784630302537
-0.0691947980857448
-0.0723942774741657
-0.07576508931
-0.0792955525106306
-0.0829741113997578
-0.0867893360466225
-0.0910119865181784
-0.0959432804703136
-0.10160562130895
-0.107986437314039
-0.115059511330131
-0.122788088893209
-0.131126861315483
-0.140023654650997
-0.149420900308554
-0.159256914757036
-0.16919171090287
-0.178866889504258
-0.188207178900153
-0.197167029708763
-0.205708586783658
-0.213799570062993
-0.221412709886355
-0.228525355846513
-0.23511915174472
-0.241179762989452
-0.246787022511382
-0.252027961265885
-0.256898941286247
-0.261391256263587
-0.265497712289049
-0.26921300411155
-0.272533753546502
-0.275458517409566
-0.277987783097279
-0.280123952652871
-0.2819794323897
-0.283683787603025
-0.285265304948177
-0.286740515585069
-0.288121202109986
-0.289414725317487
-0.290624692093653
-0.29175157337279
-0.292793243760854
-0.293745458236896
-0.294461420211013
-0.294782117691542
-0.294689617054008
-0.2941803349508
-0.293255697773803
-0.291921637622347
-0.29018820739847
-0.28806920859568
-0.285581831360103
-0.282746303298113
-0.279770505059223
-0.27686732029572
-0.274055002184987
-0.271336843333473
-0.268714111475175
-0.266187217758091
-0.263755822891968
-0.261418868183317
-0.259174605017336
-0.257020627958602
-0.25487586193638
-0.252666690305809
-0.250409193632356
-0.248121662686944
-0.245819608357053
-0.243516459364552
-0.241223758691289
-0.238951310027826
-0.236707315741248
-0.234498504389248
-0.232226265356113
-0.229778708565408
-0.227143988588949
-0.224321447775791
-0.221314677702528
-0.218130530928779
-0.214778681561902
-0.211271247146396
-0.207622435092111
-0.20384820977728
-0.200039042818689
-0.196295355751526
-0.192648012676258
-0.189120578547994
-0.185733632905507
-0.182504841925125
-0.179449075801199
-0.176578534521126
-0.173902875170703
-0.171429341680677
-0.169066825280569
-0.166707153296502
-0.164330739260994
-0.161929166306528
-0.159498287348092
-0.157036823904131
-0.154545907359324
-0.152028735491663
-0.149490268495272
-0.146936952894402
-0.144434198364217
-0.142056296221822
-0.139823203704807
-0.137748486773939
-0.135843184620978
-0.134116290254113
-0.132574895222256
-0.131224304480637
-0.13006814598119
-0.12910847722743
-0.128161334761993
-0.127044385111496
-0.125775102929104
-0.124383680996172
-0.122899753389989
-0.121352195202657
-0.119769035096701
-0.118177358399927
-0.116603212378669
-0.115071514080648
-0.113865344664412
-0.113275572390098
-0.113320759793028
-0.113993931596879
-0.115280584160724
-0.117159988034447
-0.11960603843311
-0.122588032988955
-0.12607139005262
-0.130018310437892
-0.134411003609409
-0.13921531948885
-0.144358704193453
-0.149770232491057
-0.155383504226086
-0.161136566944371
-0.166971590369965
-0.172834604469787
-0.178675302929653
-0.184446895296602
-0.18983916728653
-0.194542232695055
-0.198534284948025
-0.201819557308303
-0.204408020272156
-0.206314060128808
-0.207556161067895
-0.208156648612142
-0.208141431300959
-0.207539733611159
-0.206464658158059
-0.205047022165959
-0.203346724202784
-0.201415563303911
-0.199301791862209
-0.197050244368175
-0.194702643922627
-0.192297844442757
-0.189872003897321
-0.187458707697156
-0.185108552076822
-0.182861839952816
-0.180728288009682
-0.178715450859143
-0.17683057471226
-0.175080515381764
-0.173471634684949
-0.17200971010055
-0.170699858200191
-0.169546471425699
-0.16832395301763
-0.166800263522498
-0.164982778032735
-0.1628968811465
-0.160571284219277
-0.158037591717439
-0.155329834563155
-0.152484013804693
-0.149537669187909
-0.146529468316155
-0.143874797979741
-0.141998546115132
-0.140931816537874
-0.140673362980536
-0.141212334597159
-0.142529767792465
-0.144599509267987
-0.147389085915372
-0.150860539319153
-0.154971218314438
-0.159827364433042
-0.165538669721871
-0.172053813811293
-0.179304599021376
-0.187217055556325
-0.195713200404435
-0.204712136964201
-0.214130994222283
-0.22388575641764
-0.233892001235102
-0.243786884538978
-0.253193682911895
-0.262023496635509
-0.270216807316793
-0.277724642100086
-0.284506724813871
-0.290531016490502
-0.295773345145497
-0.300217038409618
-0.303852552781241
-0.306731841788307
-0.30891421033437
-0.310406925376428
-0.31121784519915
-0.311358954191293
-0.310846440438318
-0.309700397922457
-0.307944497357099
-0.305605651900718
-0.302713681008643
-0.299226592843761
-0.295107720531324
-0.290404900208158
-0.285172849613156
-0.279467725371741
-0.27334661079309
-0.266867166403367
-0.260087285343836
-0.253064748678101
-0.245856883736703
-0.238450285212214
-0.230814978813724
-0.222980206882051
-0.214982382070518
-0.206860528068648
-0.198654974982391
-0.190406838078078
-0.182157605794994
-0.173948777258988
-0.165821538519073
-0.157712994830126
-0.149570742108239
-0.14146332625237
-0.133464984461608
-0.125647349031684
-0.118078551692191
-0.110822981559373
-0.103941099908721
-0.0974892693377628
-0.0915195950705124
-0.0863030793440509
-0.0821095366905223
-0.078966579396138
-0.0768760488080875
-0.0758301119415452
-0.0758135764956876
-0.0768045802284054
-0.0787751415054875
-0.0816916841102844
-0.0855155476754222
-0.090410575014877
-0.0965499080558471
-0.103891426442219
-0.11236740638375
-0.121900001817453
-0.132403900175807
-0.143787837792944
-0.155955891229035
-0.168808635436165
-0.182244197596576
-0.196007604008145
-0.209855574892116
-0.223719949733733
-0.237543786360342
-0.25126925559818
-0.264837171956457
-0.278187623350788
-0.291260626647728
-0.303996710484605
-0.316337428396188
-0.328203664805917
-0.339502013083329
-0.350151165973497
-0.360079929743569
-0.369226964106759
-0.37754040417093
-0.384977480090103
-0.391504150839004
-0.397094751217666
-0.401731648200261
-0.405528531246904
-0.408605442188777
-0.410956115322491
-0.412571416066241
-0.413447661327516
-0.41358710110089
-0.412997559884728
-0.411692020163997
-0.409688203185166
-0.407008152085004
-0.403450600529102
-0.398810654860767
-0.393124057538058
-0.386449839454036
-0.378853921680142
-0.370406714365022
-0.361182279079661
-0.351257625401283
-0.340712036683294
-0.329626418093805
-0.318137226613313
-0.306400987464031
-0.294534534517874
-0.282646890023342
-0.270841084171871
-0.259214011781673
-0.247856262338085
-0.236851933805768
-0.226278444943881
-0.216206361773021
-0.206652916589642
-0.197622021258262
-0.189154144233803
-0.181287495268913
-0.174055596561021
-0.167487115279027
-0.161605833541841
-0.156430668286953
-0.151975733453006
-0.148250440689803
-0.145417413585698
-0.143636741509993
-0.142895947432247
-0.143164276631437
-0.144404643770599
-0.146575217689649
-0.149630089196103
-0.153519836228985
-0.15819204927311
-0.1635918254842
-0.169535178990405
-0.175835352187045
-0.182440068457211
-0.189307154582944
-0.196395619464908
-0.203665249330183
-0.211076740848957
-0.218591858351987
-0.226173579926249
-0.233786229911586
-0.241266158197816
-0.248436612465139
-0.255249240280512
-0.261672972996657
-0.267684710600238
-0.273268058095827
-0.278412768718524
-0.283114259260909
-0.287373152097273
-0.291194839153957
-0.294760851877199
-0.298259072986153
-0.301697688902905
-0.305072083594444
-0.308377690238583
-0.311611311228385
-0.314771109157754
-0.317856498787237
-0.320868035694027
-0.323807309639911
-0.326746935265913
-0.329778227122608
-0.33293344353608
-0.336234248708957
-0.339696081068096
-0.343329012467159
-0.347138393974363
-0.351125434224338
-0.355287725304989
-0.359619722331392
-0.364126279762691
-0.368812413767968
-0.373669404384509
-0.378685246981452
-0.38384568408033
-0.389134618680015
-0.39453447173943
-0.400026507261439
-0.405591128628597
-0.411208148688955
-0.416782846346251
-0.42221132485504
-0.427461842752211
-0.432512242870227
-0.437344933826917
-0.441946182156952
-0.44630580700809
-0.450416920538053
-0.454275685456992
-0.457881085258528
-0.461251662368563
-0.464413309581491
-0.467380002507279
-0.470164504549777
-0.472779339615251
-0.475236878847972
-0.477549385920672
-0.479729045741298
-0.481787979883083
-0.483738250800687
-0.485399845035439
-0.486584467810372
-0.487302393322217
-0.487581487338722
-0.487454248528176
-0.486956566308782
-0.486127152942802
-0.485007038164259
-0.483639086567609
-0.482067535684293
-0.480412772830054
-0.478797444199831
-0.477264981641626
-0.475851583714257
-0.474591204276184
-0.473515949615898
-0.472655971296874
-0.472039339520394
-0.471691934319211
-0.471637357621897
-0.471880360429706
-0.472425460485347
-0.473294550448963
-0.474508077073474
-0.476083658736676
-0.478035993908556
-0.480376904535352
-0.483115402095474
-0.486257766912329
-0.489807638942336
-0.493912579196855
-0.498723089584918
-0.504234425745179
-0.510425391592978
-0.517269179748848
-0.52473503976912
-0.532788838941214
-0.541393512295949
-0.550509482040197
-0.56009505538358
-0.57013578541152
-0.580621169461464
-0.591513103890246
-0.602768507446569
-0.614341402032355
-0.626183565718784
-0.638245081623029
-0.650474843606638
-0.662821025403782
-0.675231516777532
-0.687557977106042
-0.699648492148433
-0.711451331833147
-0.722924560230339
-0.734030443638772
-0.744735307276923
-0.755009581793284
-0.764827846967286
-0.774168858923276
-0.783015556920926
-0.791385874337441
-0.799305221496217
-0.806773372987064
-0.813791119587479
-0.820361823623743
-0.826491472881232
-0.832188584671387
-0.837464087023628
-0.842331186520302
-0.846805224794549
-0.850886238829519
-0.85457568501636
-0.857894799274145
-0.860867809090256
-0.863520657061535
-0.865880668542631
-0.867976320840507
-0.869837021293825
-0.871492889366144
-0.872974543330095
-0.874376280356092
-0.875798138728314
-0.877277907720996
-0.878847415714265
-0.880535988763381
-0.882370875098679
-0.88437725269098
-0.886578210019998
-0.888994723553527
-0.891645634321428
-0.89448651503802
-0.897471698256736
-0.900619084461154
-0.903948738618162
-0.907479308260918
-0.911227481372982
-0.915207926747829
-0.919433252713874
-0.923913960739698
-0.928658391429252
-0.933664030857803
-0.938920677047205
-0.944419586609447
-0.95015067467036
-0.956102349994941
-0.962261449786962
-0.968613207678256
-0.975141237789936
-0.98182753567049
-0.988652497488119
-0.995724435317834
-1.00313846052166
-1.01084144196737
-1.0187723900171
-1.02686817344239
-1.03506448985608
-1.04329632134326
-1.05149842411916
-1.05960586627882
-1.067554611661
-1.07520618533362
-1.08240300776936
-1.08905078089784
-1.09506919173996
-1.10039143116213
-1.10496474086296
-1.10875065773092
-1.11172490820461
-1.11387696110677
-1.11520928493196
-1.11578655310253
-1.11571189145584
-1.1150696210732
-1.11394204611202
-1.11241003885373
-1.11055285876686
-1.10844793216408
-1.10617059131699
-1.10379376917525
-1.10138764779412
-1.09882217799691
-1.09595180028272
-1.09282169562747
-1.08948564131191
-1.08599957861475
-1.08242121910034
-1.07880942290809
-1.07522356251762
-1.0717228821658
-1.0683658497861
-1.06540461796068
-1.06310763818647
-1.06155501679137
-1.06081063237138
-1.06092482818475
-1.06193197845726
-1.06384958131644
-1.06667793655029
-1.07040041711021
-1.07498430046615
-1.08012861731465
-1.08548035878919
-1.09090718534692
-1.09629553287592
-1.10154445130902
-1.10656560144147
-1.11128344073558
-1.11563526581241
-1.11957107604506
-1.12305325115637
-1.12607374572117
-1.12866526826516
-1.13087787107949
-1.13276097118545
-1.13436243866813
-1.13572844803622
-1.13690335548646
-1.13792956292848
-1.13884737033316
-1.13969482001246
-1.14071294496701
-1.14214762644389
-1.14403270778443
-1.14638400095593
-1.14920706379955
-1.15249758391225
-1.15624186071495
-1.16041746523822
-1.16499403288684
-1.16993415304222
-1.17519939690064
-1.18073542033677
-1.18646885065477
-1.19232573186235
-1.19823310594995
-1.20411983383429
-1.20991728341252
-1.21555995676026
-1.22098606238389
-1.2261380335126
-1.23080718887412
-1.23479089456902
-1.23805749991104
-1.24059294250347
-1.2423940714162
-1.24346745589921
-1.24382855423372
-1.24350087964115
-1.24251516735442
-1.24090855670916
-1.23876391798698
-1.23615914516171
-1.23312485491077
-1.22969443064303
-1.22590565313214
-1.22180007702437
-1.21742234094275
-1.21281948905994
-1.20804030818724
-1.20313468216246
-1.19804311052645
-1.19271661250084
-1.18723131146133
-1.1816671707458
-1.17610193418927
-1.17061044897635
-1.16526396388728
-1.160129450579
-1.15526897803054
-1.15073915917638
-1.14673699793326
-1.14344529884224
-1.14087824679171
-1.13903475313335
-1.13790603332899
-1.13747651601957
-1.13772456341849
-1.13862318655786
-1.1401407425706
-1.14224160329797
-1.14494542578755
-1.14828547338119
-1.15224415723863
-1.1567915245784
-1.16188862358345
-1.16748916694836
-1.1735407781349
-1.17998614927945
-1.18676412086335
-1.1938106851775
-1.201030661702
-1.20829456190631
-1.21547496617989
-1.22245769004916
-1.22914213415786
-1.23544116851854
-1.24128092843231
-1.24660048366557
-1.2513513667221
-1.25549696605807
-1.25897662329728
-1.26178368327801
-1.26399543139524
-1.26568559190278
-1.26692063440469
-1.26776042675968
-1.26825902542293
-1.26846524967617
-1.26842310300781
-1.26817209411761
-1.26769492276389
-1.2669328603179
-1.26584675020929
-1.26440956711479
-1.26260526814928
-1.26042782709848
-1.25788026143402
-1.25497365887868
-1.25172621656778
-1.24816230392133
-1.24436259389754
-1.24043317248167
-1.23644798046011
-1.23247382179285
-1.22857139273454
-1.22479515758723
-1.22119325579232
-1.21780747455287
-1.21467329593539
-1.21182002162737
-1.20927944613417
-1.20706051760212
-1.20514326877931
-1.20350797821512
-1.20213649135565
-1.20101217353519
-1.20011978179871
-1.19944533260997
-1.19897597173142
-1.19869984857997
-1.19856680591306
-1.19851792301702
-1.19852843782701
-1.19858041607756
-1.19866088337001
-1.19876118913902
-1.19887646710134
-1.1990051242993
-1.19914835684503
-1.19930969378399
-1.19942881791336
-1.19944910465473
-1.19938688329186
-1.19926383371223
-1.19910305383715
-1.19892832723508
-1.1987636610526
-1.19863287958754
-1.19855926109774
-1.19856521559669
-1.19878316522282
-1.1993474112519
-1.20027509929864
-1.20157147389291
-1.20323571892266
-1.20526183892053
-1.20763919157148
-1.21035300732338
-1.21338490062195
-1.21671336698157
-1.22029520995452
-1.22407040960301
-1.2279852052931
-1.23199130450568
-1.23604557839757
-1.24010981023132
-1.24415044890582
-1.24813835826775
-1.25204856240135
-1.25585998829663
-1.2596181769712
-1.26338648367707
-1.26717655492945
-1.27099266817359
-1.27483453687082
-1.27869806777402
-1.28257590114297
-1.28645791831953
-1.29033172421414
-1.29418310496087
-1.29793466016819
-1.30148792513279
-1.3047923576428
-1.30780896716893
-1.31050812466968
-1.31286880374634
-1.31487787615102
-1.31652939797386
-1.3178238953957
-1.31876766139451
-1.31952876191905
-1.32028854517673
-1.32107350906642
-1.32189827396575
-1.32277237258926
-1.32370083747297
-1.32468468933249
-1.32572143467136
-1.32680556053726
-1.32792901737353
-1.32893011764897
-1.32965042666818
-1.33009519025537
-1.33027922522398
-1.33021984849991
-1.32993615479079
-1.32944867806163
-1.32877907815077
-1.32794984001458
-1.32698398595889
-1.32581829936743
-1.32438731692238
-1.32271506260624
-1.32083244043584
-1.31877295549495
-1.31657189016604
-1.31426567009511
-1.31189127681157
-1.30948570193029
-1.30708544326084
-1.30480120573262
-1.30275530664969
-1.30099954692297
-1.29957320886172
-1.29850591071917
-1.29781818071042
-1.29752214159672
-1.29762228348955
-1.29811628253945
-1.29899583083597
-1.30025684960444
-1.30187118518192
-1.30378084274954
-1.30593159499064
-1.30827426856482
-1.31076456480628
-1.31336278805864
-1.3160335663297
-1.31874556999732
-1.32147123084724
-1.32425844357411
-1.32719913379467
-1.33034563752599
-1.33373190059404
-1.33737617901617
-1.34128294733153
-1.34544461543172
-1.34984320298859
-1.35445196464867
-1.35923694444585
-1.36416284573267
-1.36917506013806
-1.37419867771444
-1.37916177501219
-1.38399689019325
-1.38864144066423
-1.39303799104054
-1.3971344569595
-1.40088424988377
-1.40424636398241
-1.4071275053025
-1.40941584120458
-1.41104708052636
-1.41197715556972
-1.41217937215611
-1.41164242629661
-1.41036847834862
-1.40837131903221
-1.40567467240047
-1.40231065546023
-1.39827186092733
-1.39356714448532
-1.38826821552582
-1.38245021193788
-1.37618830161818
-1.36955698026058
-1.36262939090781
-1.35547666899103
-1.34816733349071
-1.34076674160017
-1.33340651424271
-1.32620786729669
-1.31920792201722
-1.31243609281916
-1.30591784199
-1.2996749498833
-1.29372574093094
-1.28808530053075
-1.28276567956143
-1.27777608515631
-1.2731618949787
-1.2689697420199
-1.26520550408464
-1.26186803682646
-1.25895145947622
-1.25644583262113
-1.25433768347576
-1.25261047994829
-1.25124506295758
-1.25022004246031
-1.24947542975941
-1.24894129144619
-1.24857853972732
-1.24835327354976
-1.24823528641063
-1.24819770738062
-1.24821671131009
-1.24827125029404
-1.24834280254921
-1.24841513804888
-1.24828700436073
-1.24777592323285
-1.24691407934116
-1.2457442368469
-1.24430949858038
-1.242652092935
-1.24081294180243
-1.23883132230128
-1.23674458040487
-1.23458788932029
-1.23258511716678
-1.23096334714771
-1.22974839062274
-1.22894535014534
-1.22854839889982
-1.22854270623029
-1.22890596536587
-1.22960978685729
-1.2306209503145
-1.23190251637377
-1.23347663443914
-1.23535710590661
-1.23748568412893
-1.23980131601573
-1.24224399680585
-1.24475551375076
-1.24727992120899
-1.24976394870857
-1.25215735422688
-1.25441322381134
-1.25631881405197
-1.25765973893539
-1.25840106480884
-1.25852810945399
-1.25803800339039
-1.25693765885655
-1.25524216693988
-1.25297340850461
-1.25015884486468
-1.24683046469473
-1.24309244592787
-1.23907336665594
-1.23484891981291
-1.23048287637098
-1.22602968501971
-1.22153510304675
-1.21703688687026
-1.21256552699602
-1.20814500807993
-1.20379357233659
-1.19960323141616
-1.19564914458767
-1.1919086266703
-1.18835455642569
-1.18496037178056
-1.18170058059488
-1.1785509694975
-1.1754887483301
-1.17249265301956
-1.16954301546131
-1.16656988856872
-1.16351263941361
-1.16037380173239
-1.15715869885785
-1.15387254437145
-1.15052032281696
-1.14710683399084
-1.14363673587974
-1.14011457936922
-1.13654483537428
-1.13285272460845
-1.12893726849227
-1.12476072063187
-1.12030268082093
-1.11555590123725
-1.11052421438514
-1.10522069332862
-1.09966597903161
-1.09388677577919
-1.08791451290633
-1.08191503830249
-1.07605925157238
-1.07038193204136
-1.06490675055178
-1.05965306937078
-1.05463657309012
-1.04986957484696
-1.04536128714983
-1.04111807218349
-1.03714367340313
-1.03324180747099
-1.02922717441573
-1.02513398599898
-1.02100573923007
-1.01688421369918
-1.01280849351045
-1.00881471841229
-1.00493592526735
-1.00120194169606
-0.997639325375891
-0.994392891905281
-0.991599562734344
-0.989259422984747
-0.987360976027565
-0.985888311549881
-0.984822123147315
-0.984140272381634
-0.983818277411523
-0.983829753734084
-0.984146815178441
-0.984996889385685
-0.986611509877162
-0.988952457954013
-0.991957998733204
-0.995557637569178
-0.999675108068047
-1.00422993447022
-1.00913873302888
-1.01431637346903
-1.0196770517131
-1.02483378412509
-1.02939217081933
-1.03327180305253
-1.03642336202429
-1.03881707949365
-1.04044024130387
-1.0412939966168
-1.04139062814251
-1.04075129120968
-1.03940417269415
-1.03739905286058
-1.03479697214931
-1.0316508871901
-1.02801225256081
-1.023931162931
-1.019456198649
-1.01463427810246
-1.00951053150781
-1.00412819870161
-0.998528551835988
-0.992784966503286
-0.986955018101505
-0.981046438818024
-0.975067492723709
-0.969029212430909
-0.962945036029024
-0.956830323856326
-0.950701914779347
-0.944577726723963
-0.938476397755938
-0.932347605701131
-0.926147608286946
-0.919911968885712
-0.913679107848284
-0.907485956051771
-0.90136750191329
-0.895356595352484
-0.889483802909125
-0.883777299567707
-0.878262792925748
-0.873070232177236
-0.868339708138526
-0.864104685559029
-0.86038153242449
-0.857175932235545
-0.854484716552217
-0.852297253298273
-0.850596661950602
-0.849360877061864
-0.848563577138298
-0.848169507744246
-0.848136904514325
-0.848424948420963
-0.848993669152233
-0.849804017407138
-0.850818017480383
-0.85199891455692
-0.853311308496106
-0.854721272839336
-0.856196458509082
-0.85777189344839
-0.859483178190731
-0.861296637810196
-0.863175305522679
-0.865082688271322
-0.866983317825689
-0.868843076209496
-0.870629466100162
-0.872311837428736
-0.873861572750692
-0.875084464443178
-0.875790588615065
-0.875972694264921
-0.875639049699821
-0.874804156611587
-0.873487231656259
-0.871711244247549
-0.869502125272646
-0.866888094824783
-0.863899085100504
-0.860656688721739
-0.857297113627757
-0.853871882858457
-0.850419857873645
-0.846971842351961
-0.843551642348465
-0.840177006114642
-0.836860506553007
-0.833610354223026
-0.830431133534474
-0.827308729572372
-0.824198765702342
-0.821049251004969
-0.817819592429405
-0.814480094362332
-0.811010550864227
-0.807398940689884
-0.80364024856236
-0.799735397700604
-0.795690284357681
-0.7914856269568
-0.787113176669346
-0.782604910918061
-0.777994167814485
-0.77331329392679
-0.768593322600777
-0.763863803869137
-0.759152673813156
-0.754486153523517
-0.749888673868084
-0.745382677523372
-0.740993607208224
-0.736749341300258
-0.73267419489987
-0.728788749411683
-0.72511009124146
-0.721652067891734
-0.718425533433719
-0.715438581184776
-0.712696763314447
-0.710240755490041
-0.708118227274711
-0.706341818636187
-0.704914788350597
-0.703833639719134
-0.703089266550235
-0.702667874317233
-0.702551794593878
-0.702720208150742
-0.703149787140361
-0.70389862337515
-0.70498237669832
-0.706293949398579
-0.707736063284232
-0.709225783907927
-0.710692914709726
-0.712078891362108
-0.713335748004487
-0.714425095630363
-0.715317107677958
-0.715848045917216
-0.715890939142812
-0.715500171276757
-0.714734725493408
-0.713648929896743
-0.712292252274204
-0.71070964073367
-0.708941826511635
-0.707025589145147
-0.70499400056772
-0.702913788444858
-0.700835907639547
-0.698758421691716
-0.696678576766098
-0.694595307354463
-0.692509101926375
-0.690421737139169
-0.688336031814396
-0.686255627207129
-0.684184791694142
-0.682087464013515
-0.67992544918347
-0.677702166207266
-0.675425261015423
-0.673104214001944
-0.670749801090213
-0.668373707924574
-0.665988198197167
-0.663605826003693
-0.661239187744112
-0.659035163449978
-0.657139538986512
-0.655553373932318
-0.654266280155236
-0.653264227068146
-0.652530552881662
-0.652046517069987
-0.651791763903061
-0.651744727916346
-0.651882991686725
-0.651970354979106
-0.651782513460537
-0.65133257144024
-0.650646848193674
-0.64975287072867
-0.648678204049849
-0.647450032830248
-0.646094857004558
-0.644638249388605
-0.643104661918872
-0.641522077123659
-0.639922362343105
-0.638335100376402
-0.636785836167219
-0.635296256874526
-0.633884489837259
-0.632565399131532
-0.631350872557655
-0.630250097320735
-0.629269822944186
-0.628461266021186
-0.627836555970847
-0.627326247640662
-0.626870953037896
-0.62642432955245
-0.625951457259518
-0.625427267414983
-0.624835127365974
-0.624165556105664
-0.623415057507158
-0.622765830876391
-0.62243622753921
-0.622480356390439
-0.622925912500991
-0.62378418410276
-0.625052879332558
-0.626718434375674
-0.628758095334982
-0.631141756651467
-0.633833559122829
-0.636637868210393
-0.639363240278698
-0.641988210007984
-0.644500509766008
-0.64688849920584
-0.649140780239973
-0.651246369900524
-0.65319487117627
-0.65497661558685
-0.656582779269979
-0.65793914656046
-0.658969689466055
-0.659668324855711
-0.660037304069656
-0.660083112105057
-0.659815609582201
-0.659247442050421
-0.658393532108421
-0.657270634053946
-0.655896941927768
-0.65441564454389
-0.652980191449891
-0.651619070298653
-0.650345761209311
-0.649166234222047
-0.64808042983749
-0.647083469812728
-0.646166721108857
-0.645318714978445
-0.644525930805292
-0.643850443269442
-0.643341997723765
-0.64295866947411
-0.642657413521757
-0.642398928231955
-0.642147750863521
-0.6418721068943
-0.641543750510122
-0.641137806289931
-0.64063261050961
-0.639905613936964
-0.638818850463518
-0.63733411535001
-0.635433365857318
-0.633112008492056
-0.630376381671798
-0.627241652068734
-0.623730007056361
-0.619869119248742
-0.615690854932944
-0.611356632949941
-0.607054532722741
-0.602857800585191
-0.598818759319326
-0.594976174948778
-0.59135714351231
-0.587978912454293
-0.584850562146906
-0.581974494655831
-0.579347716391589
-0.576856224661706
-0.57436251696849
-0.57182523607209
-0.569219521900104
-0.566530475261095
-0.563751392539818
-0.560882331260007
-0.557928850550495
-0.554900903782162
-0.551811872123635
-0.548684367297596
-0.545559828101335
-0.542487322888371
-0.539508638795798
-0.536658301985608
-0.533964348280646
-0.531449057843943
-0.529129619616802
-0.527018729739515
-0.525125128633628
-0.523490667369067
-0.52218261577157
-0.521254990881115
-0.520757303240693
-0.520737115474964
-0.52123927387086
-0.522305076298873
-0.523971507991698
-0.526270563558711
-0.529228667355048
-0.532903423625857
-0.53736199454384
-0.542637824165012
-0.548747503915276
-0.555693087493418
-0.563463525387315
-0.572035998953652
-0.581377218285537
-0.591444691636511
-0.602187969364746
-0.613513074956562
-0.625330185156372
-0.637592231071454
-0.650248078974205
-0.663241287041334
-0.676511335697583
-0.689994934141175
-0.703627244382081
-0.71734301387157
-0.731077614455023
-0.744795316350165
-0.758439912376477
-0.771911033990764
-0.785119913399209
-0.797991744749453
-0.810464986299451
-0.822490401415624
-0.834030113384356
-0.845056701901499
-0.855552343984259
-0.865492705805887
-0.874873760353978
-0.883724842032999
-0.892077624915893
-0.899964486703555
-0.907418563770474
-0.914473773985266
-0.921164791212072
-0.927526986522882
-0.933596345742471
-0.939329104345476
-0.944664076934304
-0.949612744094501
-0.95420227076601
-0.958469410970955
-0.962458180998333
-0.96621803753492
-0.969802307606665
-0.973266827959477
-0.976668771634437
-0.980101326546354
-0.983672179792723
-0.987460654909956
-0.991533146505503
-0.995945435598344
-1.00074406672042
-1.00596743288997
-1.01164664030203
-1.0178061857066
-1.02446448372155
-1.03160077971311
-1.0391928277285
-1.04725268210109
-1.05578939973355
-1.06480677767809
-1.074303443165
-1.0842730572403
-1.09470453927708
-1.10558231113925
-1.11688656251815
-1.12869790135644
-1.14108824064893
-1.15401029217463
-1.16740686605922
-1.18121837303308
-1.19538348863131
-1.20983957673423
-1.22452311309379
-1.23937011485881
-1.25431657225865
-1.26916981620326
-1.283741873913
-1.29798728774359
-1.31187221983409
-1.32536651618517
-1.33844328505722
-1.35107862635606
-1.36325142754946
-1.3749432088288
-1.38613800640074
-1.39674764827791
-1.40666877462926
-1.4158664141951
-1.42432221622787
-1.43203000109124
-1.43899435397874
-1.44522877955809
-1.45075402285192
-1.45559662011
-1.4597876781853
-1.46342162733284
-1.46660001617232
-1.46936478138014
-1.47175070121172
-1.47379017456658
-1.47551432975933
-1.4769534347945
-1.47813715975582
-1.47909475463129
-1.47985516275081
-1.48062486094543
-1.48160630234697
-1.48280777883275
-1.48422405599474
-1.48584938958774
-1.48767851689445
-1.4897064596363
-1.49192831556015
-1.49433909924463
-1.49693362390122
-1.49962477674949
-1.50232509981087
-1.50503382280281
-1.50775562226045
-1.51049448430285
-1.51325304431145
-1.5160329507886
-1.51883520948446
-1.52166044727929
-1.52450910875993
-1.52727531224949
-1.52986136852463
-1.53229097088032
-1.53459452310936
-1.53680055858446
-1.53893474372451
-1.54102044037491
-1.54307921206944
-1.54513118690244
-1.54719530443914
-1.54925437720233
-1.5512893900167
-1.55331713615004
-1.55535638401514
-1.55742565892658
-1.55954317273046
-1.56172668725004
-1.56399339584422
-1.56635982492466
-1.5688417510687
-1.57140692342316
-1.57402909429638
-1.57673720144566
-1.57956037363687
-1.58252544119566
-1.58565723716543
-1.58897839641013
-1.59250920728519
-1.59626752785215
-1.60026874972695
-1.60474267472386
-1.60990922383045
-1.61574983234745
-1.62223213215146
-1.62932091411873
-1.63697773545139
-1.64516167413856
-1.65382998891566
-1.66293866914351
-1.67244290377049
-1.68218459359635
-1.69201272752886
-1.7019018326418
-1.71183099695204
-1.7217788206621
-1.73172447803205
-1.74164785635987
-1.75152967741653
-1.76135163302946
-1.77109652101236
-1.78085362279175
-1.79070703034072
-1.80062411143056
-1.81056771507864
-1.82050359210545
-1.83040126084823
-1.84023380002863
-1.8499776185732
-1.85961226220096
-1.86912025224093
-1.87836304309752
-1.88719926260772
-1.89561807913323
-1.90362333813458
-1.91122499591413
-1.91843711592225
-1.92527751855882
-1.93176753246167
-1.93793173182436
-1.94379764705252
-1.9493591798494
-1.95461644096389
-1.95961340017659
-1.96439672242996
-1.96901333532834
-1.97351014068983
-1.97793375785551
-1.98233024939227
-1.98674483410309
-1.99122159422844
-1.99590378738072
-2.00094275828041
-2.00639039276865
-2.01228690320191
-2.01866370025607
-2.02554301246238
-2.03293858528771
-2.04085646503665
-2.0492958159418
-2.05824974531307
-2.06765448682876
-2.07744055061465
-2.08758920324015
-2.09808397880713
-2.1089082578846
-2.12004512061816
-2.13147738292828
-2.14318765050607
-2.15515837979071
-2.16737194411987
-2.17995031422393
-2.19301590806435
-2.20654328429727
-2.22049665023105
-2.2348368194104
-2.24952213044669
-2.26450931887887
-2.27975427537352
-2.2952127053127
-2.31084069975783
-2.32646291592075
-2.3418959997507
-2.3570919359973
-2.37201915419027
-2.38665489027899
-2.40098337048883
-2.41499506422509
-2.42868606012388
-2.44205750260153
-2.45511507386592
-2.46794134391034
-2.4806270448815
-2.49319250827629
-2.50565374106414
-2.51802555315709
-2.53032170519842
-2.54255503101285
-2.55473754503255
-2.56688053800394
-2.5789946616334
-2.59099573795257
-2.60279116912502
-2.61438232052483
-2.62578161220159
-2.63700723831881
-2.64808171427028
-2.65903103383641
-2.66988391742403
-2.68067112055413
-2.69142479595195
-2.7022531754591
-2.71327645639618
-2.7245441111388
-2.73609424657281
-2.74795643824162
-2.76015226219029
-2.77269605748587
-2.7855957073967
-2.79885341496248
-2.81246645454233
-2.82632711925249
-2.84032648540308
-2.85446191457516
-2.86873554955193
-2.88314958935768
-2.89770598463269
-2.91240637607062
-2.92725205496134
-2.94224393235987
-2.95738251570522
-2.97278574070147
-2.98856926847318
-3.00472178781731
-3.02122342074911
-3.03805145976099
-3.05518122638481
-3.07258663652527
-3.09024068860871
-3.10811589404986
-3.12618465570603
-3.14436090581775
-3.16256467899961
-3.18078381825828
-3.19900949184959
-3.21723330687039
-3.23544722110646
-3.25364360596662
-3.27181530969136
-3.28995571238676
-3.30805877260971
-3.3261168282072
-3.34410888882858
-3.36200560109262
-3.37978406573479
-3.39742787002889
-3.41492644857963
-3.43227442176204
-3.44947096723201
-3.46651922773374
-3.48342575579577
-3.50018299719327
-3.51678639546941
-3.53325159149517
-3.54959638507654
-3.56583964521986
-3.58200093931629
-3.5981002278933
-3.61415758868536
-3.63019296747043
-3.64622595484447
-3.66219547651876
-3.67806983245578
-3.69392607329276
-3.70983458198275
-3.72585524257785
-3.74203803060882
-3.75842361924822
-3.77504402592172
-3.7919232929954
-3.80907819484795
-3.82656971366386
-3.84442130330681
-3.86257101755242
-3.88096031359117
-3.89953745248174
-3.91825727824948
-3.93708079759549
-3.95597476487056
-3.97491126789631
-3.99386731070101
-4.01288830263066
-4.03203069701895
-4.05129293397265
-4.07066982620512
-4.09015493241724
-4.10974088115276
-4.12941956603041
-4.14918232108799
-4.1690200819976
-4.18892353357773
-4.20895412084078
-4.22917898408284
-4.249594909171
-4.27019145862915
-4.29095430144706
-4.31186609139864
-4.33290714138832
-4.35405603009855
-4.37529015091938
-4.39658620580851
-4.41776200955562
-4.4386275729161
-4.45915525632507
-4.47933310222
-4.49915768605653
-4.51863275368899
-4.53776821236868
-4.55657920692523
-4.57508527163471
-4.59330955388482
-4.61131378721162
-4.62914642025853
-4.64680707432237
-4.66430001578656
-4.68163542416507
-4.69882859155229
-4.71589900831919
-4.73286950904451
-4.74976548398166
-4.76661415513203
-4.783521950224
-4.80059822002089
-4.817871475
-4.83536278350074
-4.8530888438211
-4.87106241491982
-4.88929261539955
-4.90778521532004
-4.92654292494932
-4.94556567769675
-4.96482840681101
-4.98430341498024
-5.00398466002764
-5.02386633745756
-5.04394201872712
-5.06420463871931
-5.08464653882379
-5.10525951534604
-5.1260348702432
-5.14696346355592
-5.16808895185888
-5.18945915710057
-5.2110685864563
-5.23290540006876
-5.25495409964985
-5.27719628057594
-5.29961122097524
-5.32217641550258
-5.34486806151414
-5.36766149969754
-5.39054791309755
-5.4135302957394
-5.43660425420571
-5.45975991756917
-5.48298291703651
-5.50625527019447
-5.52955619073224
-5.55286282522234
-5.57615091882003
-5.59939541205968
-5.62242642038567
-5.64507040531019
-5.66730579963137
-5.68912534530879
-5.71052849789129
-5.73152005052133
-5.75210931695503
-5.77230942928378
-5.79213671791844
-5.81161016155358
-5.83089397663094
-5.8501573590481
-5.86942101631648
-5.88869409863299
-5.90798104857834
-5.92728247568159
-5.94659590881107
-5.9659164585661
-5.98523740141168
-6.00455069076897
-6.02369659802615
-6.04252141259862
-6.06103781097231
-6.07926831681681
-6.09723714296905
-6.11496940511599
-6.13249078131319
-6.14982722372806
-6.16700469782308
-6.18404894562115
-6.20111709771887
-6.21833584622937
-6.235665682094
-6.25306705095037
-6.27050851084253
-6.28796678681022
-6.30542562159962
-6.32287471522654
-6.34030878761464
-6.35772674743053
-6.37514843078657
-6.39262423195767
-6.41021044770627
-6.42795209290755
-6.44588340996336
-6.46402896376481
-6.48240470276459
-6.50101900278327
-6.51987367486437
-6.53896492004988
-6.55822280930966
-6.5775901423143
-6.59708555775586
-6.61672303332809
-6.6365092149348
-6.6564444899965
-6.67652389727108
-6.69673797740345
-6.71707356127296
-6.73751449182299
-6.75798012719437
-6.7783930160316
-6.79874463348811
-6.81902799081032
-6.83923465503051
-6.85935505395245
-6.87937879443102
-6.89929495136541
-6.91909232674066
-6.93875968008275
-6.95847056512975
-6.97835798468052
-6.99832288482864
-7.01826668434104
-7.03810583729121
-7.05777285252572
-7.07721411741802
-7.09638785444479
-7.11526237177628
-7.13381458136789
-7.1519173526923
-7.16946409328382
-7.18648453328904
-7.20301600087914
-7.21909582551643
-7.23476086454495
-7.25004745566431
-7.2649913757188
-7.27962778478484
-7.2939911580766
-7.30815594398355
-7.32220252407943
-7.33617262200202
-7.35010142748007
-7.3640195921122
-7.37795364330231
-7.39192641306634
-7.40595743734273
-7.4200633208383
-7.4342580664818
-7.44841560997376
-7.46239535033238
-7.47619357090662
-7.48982335861249
-7.50330471394121
-7.51666162811521
-7.52992090634005
-7.54311127340699
-7.55626261783725
-7.56940533772952
-7.58270882291017
-7.59633254667688
-7.61027788400411
-7.62453646001145
-7.63909916538636
-7.65395699717503
-7.66910091552844
-7.68452167235495
-7.70020967269855
-7.71615486961428
-7.73227111924139
-7.74848291376803
-7.76480388211689
-7.7812479252018
-7.79782474985981
-7.81454013776648
-7.83139632236138
-7.84839235646343
-7.86552446294783
-7.88278636675388
-7.90017706077337
-7.91769715158603
-7.93534069145985
-7.95309858860293
-7.97095916134722
-7.98890868341179
-8.0069318527567
-8.02501220782788
-8.0431324957792
-8.06127499652699
-8.07947891872927
-8.09777436162301
-8.116122503695
-8.13448345550856
-8.15282068213351
-8.17110126254419
-8.18929561491818
-8.20737723114794
-8.22532245233327
-8.24311028019169
-8.26056180759908
-8.27751125407477
-8.29397654905284
-8.30998720037313
-8.32557319764013
-8.34076420751046
-8.35558958072788
-8.37007837416734
-8.38425934500275
-8.39816092116895
-8.41173282122749
-8.42491723831433
-8.43773476963756
-8.45021587813961
-8.46239481426049
-8.47430776954985
-8.48599222960478
-8.49748647029478
-8.50882910012856
-8.52005863418326
-8.53126543406753
-8.54255147697098
-8.55397208162405
-8.56557239652832
-8.57738955315443
-8.58945293191887
-8.60178488296545
-8.61440145736881
-8.6273131096141
-8.64052536177025
-8.65425892548014
-8.66871643792688
-8.68385050091301
-8.69959854719056
-8.7158962752305
-8.73267875014028
-8.74988139824018
-8.76744071941126
-8.785294792301
-8.80338363263461
-8.82152415143187
-8.83953857394467
-8.85739028485454
-8.87505712092438
-8.89252097878764
-8.90976566564725
-8.9267766982238
-8.94354127775627
-8.96004827985864
-8.97628823811434
-8.99232354378857
-9.0082157955997
-9.02395074538271
-9.03951068378627
-9.05487901883178
-9.07004056172101
-9.08498164373238
-9.09969019548656
-9.11415580016464
-9.12836972487999
-9.14223669016809
-9.15566908022431
-9.16868047896337
-9.1812909596503
-9.1935212223299
-9.20539229752236
-9.21692552833959
-9.2281425533498
-9.23906527538759
-9.24971581720958
-9.26015599976877
-9.27044653336206
-9.28060479176163
-9.29064531259034
-9.30058210240589
-9.31042862429005
-9.32019785599452
-9.32990233115337
-9.33955416105226
-9.34916504106362
-9.35881193181378
-9.36856561090151
-9.37842110662054
-9.38836963333842
-9.39840331644447
-9.40851550201535
-9.41870047845099
-9.42895321062791
-9.43926912276914
-9.44964392515038
-9.46000222016766
-9.47027365136802
-9.48046848472825
-9.49060099733573
-9.50068455461929
-9.51073134893018
-9.52075243957145
-9.53075780631925
-9.54075639899092
-9.55075618297543
-9.56081572320406
-9.5709893290789
-9.58127242772697
-9.59165661533448
-9.60213277006363
-9.61269105327604
-9.62332112563152
-9.63401233567879
-9.64475387281999
-9.65553489240527
-9.66631002506803
-9.67703785607698
-9.68771805277749
-9.69835292968289
-9.70894446507218
-9.71949386273549
-9.73000162706909
-9.74046766461845
-9.75089137396329
-9.76127172311373
-9.77181173377118
-9.78269917500274
-9.79389041918622
-9.80533089926278
-9.81696801177102
-9.82875130293644
-9.8406327118575
-9.85256672255236
-9.86451044495737
-9.87642365065916
-9.88813569285272
-9.89948498557383
-9.91045947802266
-9.92105674270052
-9.93127692517484
-9.94112339362312
-9.9506023216313
-9.95972229080428
-9.96849395897616
-9.97692977465832
-9.98507233711085
-9.99297133644035
-10.0006504869452
-10.0081279531985
-10.0154192998597
-10.0225387623294
-10.0294996694547
-10.0363146762861
-10.0429959100038
-10.0495550665073
-10.0558923805543
-10.0619123061864
-10.0676415168306
-10.0731134306675
-10.0783612550145
-10.0834177623584
-10.0883150789679
-10.0930845081766
-10.0977563837992
-10.1023599460965
-10.1069810139364
-10.1117000068148
-10.1165307965742
-10.1214827993923
-10.1265646510769
-10.1317842516589
-10.1371486961978
-10.1426642077598
-10.1483360795886
-10.1541686274568
-10.1602255047493
-10.1665649343033
-10.1731758576977
-10.1800428921932
-10.1871503924668
-10.1944827143925
-10.2020241902428
-10.2097591029349
-10.217671676093
-10.2257460786212
-10.2337507877061
-10.2414688059366
-10.2489256815786
-10.2561588223517
-10.2632036493455
-10.2700930051052
-10.2768571817333
-10.2835240108875
-10.2901189690847
-10.2966652877027
-10.3033038840978
-10.3101631848594
-10.3172332898494
-10.324497417423
-10.3319393029736
-10.339543122894
-10.3472934706683
-10.355175335233
-10.3631740784953
-10.3712754157634
-10.3793791582015
-10.3873887673639
-10.3953028624027
-10.4031259110166
-10.4108628750177
-10.4185190012771
-10.4260997006011
-10.4336104535585
-10.4410567367393
-10.4484439648662
-10.4559688147315
-10.4638227751781
-10.4719870291831
-10.480427092015
-10.4891072905563
-10.4979929058959
-10.5070502042632
-10.5162463624028
-10.5255494355449
-10.5349283699328
-10.5442987240857
-10.5535746228814
-10.5627268709571
-10.571732175248
-10.5805702472018
-10.5892236159513
-10.5976773814745
-10.6059189885033
-10.6139380257293
-10.6217260477931
-10.6290265861073
-10.6356001075554
-10.6414889206146
-10.6467523441069
-10.6514500836386
-10.6556409353643
-10.6593823715674
-10.6627303045489
-10.6657389361277
-10.6684606582752
-10.6713830807409
-10.6749662777877
-10.679177645429
-10.6839545423762
-10.6892356001551
-10.6949631219276
-10.7010827775461
-10.7075431931928
-10.7142956133969
-10.7212936390302
-10.7283635162021
-10.7353418430958
-10.7422124253391
-10.7489682946573
-10.7556033082513
-10.7621117041054
-10.768488113233
-10.7747275966292
-10.7808256801092
-10.786778385145
-10.7924369433326
-10.7976669746626
-10.8025017028427
-10.8069819764153
-10.8111462568619
-10.8150299388785
-10.8186656989495
-10.8220838444011
-10.8253126031544
-10.8283783595859
-10.8313149656839
-10.8341503306899
-10.8368978299504
-10.8395709255158
-10.8421837112999
-10.8447507251663
-10.8472867501667
-10.8498066339599
-10.8523251265965
-10.8548567353544
-10.8574263599152
-10.8600449780615
-10.8627007136739
-10.8653858141028
-10.8680970408438
-10.8708347637999
-10.8736022673145
-10.8764051204264
-10.8792506084873
-10.8821472284094
-10.8850446946034
-10.8879091730096
-10.8907839185191
-10.8937106365171
-10.896724795082
-10.8998557638278
-10.9031275517118
-10.9065594676037
-10.9101666784894
-10.9139606829008
-10.9180697664534
-10.922617662043
-10.9275949233632
-10.9329792915705
-10.9387448334069
-10.9448636118046
-10.9513061204383
-10.958041611776
-10.9650384064252
-10.9722641914452
-10.9798215793957
-10.9877961930564
-10.9961158640634
-11.0047050904408
-11.0134932702171
-11.0224143971628
-11.0314069188727
-11.0404136189452
-11.0493815087708
-11.058261727326
-11.06677132855
-11.0746295836384
-11.0818111851822
-11.0883137306087
-11.0941459366759
-11.0993269029054
-11.1038838223007
-11.1078500280785
-11.1112634000978
-11.1141650699323
-11.1165573323999
-11.1184631289611
-11.1199652495041
-11.121141333977
-11.1220606572944
-11.1227847867854
-11.1233685840318
-11.1238610570106
-11.1243060630039
-11.1247428896
-11.1252656459953
-11.1259555694784
-11.1268201409409
-11.1278629478398
-11.1290877905193
-11.1304986600367
-11.1320995419485
-11.1338942352824
-11.135886195741
-11.1380784019674
-11.1406270259377
-11.1436804533484
-11.1472153518248
-11.1511970795116
-11.1555903642613
-11.1603600406209
-11.165471108056
-11.1708887701853
-11.1765784927268
-11.1825060784161
-11.1885576968797
-11.1946341475891
-11.2007339423357
-11.206857222909
-11.213000312162
-11.2191558747128
-11.2253136400212
-11.2314610576802
-11.2375838613114
-11.2436665544917
-11.249554214996
-11.2550852532651
-11.260241343658
-11.265018906836
-11.2694209768802
-11.2734562034513
-11.2771377625674
-11.2804824140732
-11.2835097026852
-11.2862412842487
-11.2887941612614
-11.2912883112238
-11.2937448761232
-11.296175841284
-11.298590562499
-11.3009966948793
-11.3034005179539
-11.3058071768125
-11.3082208818708
-11.3106450755944
-11.3131833986469
-11.3159473373377
-11.3189459824062
-11.3221750351381
-11.3256244704558
-11.3292804790027
-11.3331263502645
-11.3371431596105
-11.3413103475215
-11.3456062153209
-11.3498688703699
-11.3539244259992
-11.357738399049
-11.3612925463564
-11.364576953512
-11.3675889655035
-11.3703318992786
-11.3728138966054
-11.3750469316488
-11.3770459600826
-11.3790895258348
-11.3814544841204
-11.3841349887734
-11.3871037008591
-11.3903301767501
-11.3937829936525
-11.3974301604204
-11.4012393908363
-11.4051783526718
-11.4092149025348
-11.4132155037538
-11.4170427734287
-11.4206652826486
-11.424062824675
-11.4272205282866
-11.4301282304886
-11.4327798248466
-11.4351726796401
-11.4373071263668
-11.4391860114033
-11.4407305785857
-11.4418794124765
-11.4426748006807
-11.4431608654776
-11.443377736787
-11.4433615542736
-11.4431449253042
-11.4427573431123
-11.4422255454814
-11.4415738216714
-11.4408229031774
-11.4399867035389
-11.4390751495379
-11.4380990471948
-11.4370699910168
-11.4360001342325
-11.4349019778389
-11.4337881831759
-11.432671406016
-11.431564150102
-11.4304986064766
-11.4295080375166
-11.428604955232
-11.4277989242402
-11.427097810091
-11.4265079681291
-11.4260343641039
-11.4256806783937
-11.4254493989632
-11.425341905276
-11.4252813282318
-11.4251966000112
-11.4251036191947
-11.4250207437714
-11.4249640874845
-11.4249474603689
-11.4249825082208
-11.425078856809
-11.4252442505767
-11.4254846854586
-11.4258325798559
-11.4263311639171
-11.4270023966455
-11.4278596737558
-11.4289095751525
-11.4301530161512
-11.4315862116277
-11.4332015051857
-11.434988086915
-11.436932617657
-11.4391538982132
-11.4417298016877
-11.4445627990817
-11.4475612908049
-11.4506462241809
-11.4537485726823
-11.4568085735066
-11.4597750539947
-11.4626047508856
-11.4652616342994
-11.4675871131556
-11.4694354739993
-11.4708098117904
-11.4717257201487
-11.4722033087907
-11.4722663594404
-11.4719413364458
-11.4712565695057
-11.4702415923549
-11.4689266079437
-11.4672797989033
-11.4652596859733
-11.4628835450643
-11.4601774665172
-11.4571721904233
-11.4539019846612
-11.4504036092663
-11.4467154285539
-11.4428766593613
-11.4389267379069
-11.4349021497578
-11.430845971226
-11.4268089532037
-11.4228375668061
-11.4189735116482
-11.4152539926417
-11.4117120026749
-11.4083765794028
-11.4052730368015
-11.4024231742221
-11.3999449842234
-11.3979681832153
-11.3965240514706
-11.3956254812812
-11.3952745330346
-11.3954645927669
-11.396181734252
-11.397405849796
-11.3991116244399
-11.4012693879955
-11.403820859096
-11.4066917492911
-11.4098213510621
-11.4131541992189
-11.4166392320858
-11.4202295349415
-11.4238820999795
-11.4275576064013
-11.4312202159153
-11.4348373795508
-11.4383054867642
-11.441519617635
-11.4444538856564
-11.4470934247843
-11.4494295746976
-11.4514590917713
-11.4531832273414
-11.4546069093322
-11.4557380375335
-11.4565868823529
-11.4572033273515
-11.4576375619317
-11.457899049883
-11.4579948536809
-11.4579322489251
-11.4577187378395
-11.45736200398
-11.456869869777
-11.4562502580778
-11.4555111572649
-11.4545618445751
-11.4533192313301
-11.451813116492
-11.4500792075239
-11.4481516422063
-11.446062701886
-11.4438428285663
-11.4415206693486
-11.4391231287351
-11.4366754234106
-11.4343707613864
-11.4324157443796
-11.4308437847777
-11.4296644099758
-11.4288767851331
-11.4284724560455
-11.4284368284962
-11.4287503457842
-11.429389475012
-11.430327544214
-11.4315140091951
-11.4329124047859
-11.4345208060821
-11.4363314842172
-11.4383297150156
-11.4404950516351
-11.4428026138544
-11.445224194573
-11.4477292030921
-11.4502854727264
-11.4528218610374
-11.4552389418864
-11.4574559096673
-11.4594077301221
-11.461043133586
-11.4623232111421
-11.4632199725837
-11.4637149393777
-11.4637978142817
-11.4634652553413
-11.4627474520849
-11.4616670591799
-11.4602106740825
-11.4583708201938
-11.4561475830776
-11.453547341072
-11.4505816523959
-11.447266288229
-11.4436203977483
-11.439665792979
-11.435257274048
-11.4302937367595
-11.4248941362642
-11.4191770373985
-11.4132446441981
-11.4071839165273
-11.4010688370558
-11.3949623723839
-11.3889181226849
-11.3829817134795
-11.3772768266632
-11.3719121108017
-11.3668911879858
-11.362209061534
-11.3578602723981
-11.35383913091
-11.3501395837942
-11.3467551022891
-11.3436786020273
-11.3409023894709
-11.3383911396991
-11.336096602165
-11.3339891274587
-11.3320459735134
-11.3302493097347
-11.3285853155575
-11.327043404115
-11.3256155585989
-11.3242957692356
-11.3230795578813
-11.3220492224684
-11.3212769815529
-11.320733939629
-11.3203885299186
-11.3202132516143
-11.3201838933323
-11.3202789734621
-11.3204793010514
-11.3207676109796
-11.3211282612563
-11.3216807323913
-11.3225542667038
-11.3237408677816
-11.3252173191879
-11.3269562673736
-11.328927569711
-11.3310989869567
-11.3334367646192
-11.335906145271
-11.3384718243223
-11.3408843804669
-11.3429102001291
-11.3445616501173
-11.3458664535749
-11.3468494701691
-11.3475321656311
-11.3479331686431
-11.3480688029154
-11.3479535388153
-11.3476003737931
-11.3470688783256
-11.3463907379401
-11.345523209153
-11.34443019681
-11.343086711234
-11.3414771778464
-11.3395938975718
-11.337435712206
-11.3350068470879
-11.3323159139534
-11.3295338512624
-11.3268345274266
-11.3242205406098
-11.3216803905961
-11.3192027527325
-11.316777197885
-11.314394133574
-11.312044722685
-11.3097208174095
-11.3074149068764
-11.3050105074335
-11.3023940516443
-11.2995737277042
-11.2965677078399
-11.2933946054237
-11.2900729934721
-11.2866212806829
-11.2830576194814
-11.2793998313648
-11.2756653445711
-11.2717605753396
-11.2676248216265
-11.2633448932695
-11.2590038515687
-11.2546699563225
-11.2503981293238
-11.2462321748114
-11.2422066718361
-11.2383485340077
-11.234678293658
-11.2313440295516
-11.2284760879181
-11.226045681412
-11.2240143575617
-11.222346299109
-11.2210081900617
-11.2199687345307
-11.2191982952546
-11.2186686300351
-11.2183527017475
-11.2182254405361
-11.2182586438872
-11.2184206532619
-11.2186822615491
-11.2190168540201
-11.2194001280553
-11.2198098569082
-11.2202256945994
-11.2206290133778
-11.2210027675672
-11.221180914395
-11.2209990120313
-11.2204573714608
-11.2195712184979
-11.2183581022425
-11.2168369850906
-11.2150277445309
-11.2129507895127
-11.2106267691844
-11.2080763528824
-11.2054818194786
-11.2029972210856
-11.2005772706068
-11.1981733549664
-11.1957482163076
-11.1932741476774
-11.1907312704942
-11.1881061552932
-11.1853906826515
-11.1825810915538
-11.1796546811459
-11.1765986020153
-11.173432917933
-11.1701791601685
-11.1668574173288
-11.1634863547018
-11.1600833462192
-11.1566645884425
-11.1532451941276
-11.1498392678335
-11.1466050191149
-11.1436929735
-11.1410890669401
-11.1387678515741
-11.1367058314387
-11.1348813999315
-11.1332744002776
-11.1318657950592
-11.1306374230286
-11.1295718225864
-11.1284962115062
-11.1272487645026
-11.1258465325857
-11.1243175203139
-11.1226867749015
-11.120976306385
-11.1192054444627
-11.1173911640763
-11.1155483728425
-11.1136901621459
-11.1118066922205
-11.1098868871275
-11.1079414522578
-11.1059814990959
-11.1040171007382
-11.1020573313984
-11.1001103522258
-11.098183486845
-11.096283286437
-11.0944155857728
-11.0926733309028
-11.0911674753637
-11.0899280293771
-11.088968471542
-11.0882934716755
-11.0879008761283
-11.0877829640027
-11.0879274602752
-11.0883183804549
-11.0889367423963
-11.0895630436754
-11.0899731635689
-11.0901545554643
-11.0901129999441
-11.0898561791905
-11.0893928663413
-11.0887326447371
-11.0878856872063
-11.0868625798405
-11.0856741810372
-11.0844463870798
-11.0832904880417
-11.0821801586709
-11.0810840133485
-11.0799765104542
-11.0788373186323
-11.0776504875227
-11.0764037591625
-11.0750879915306
-11.0736966731984
-11.0722769073678
-11.0708648593427
-11.0694318580144
-11.0679512253785
-11.0664027413573
-11.0647716693862
-11.0630478616457
-11.0612250128883
-11.0593000279386
-11.057272483393
-11.0549864148183
-11.0522970589654
-11.0492413570369
-11.0458690661854
-11.0422274647517
-11.0383607488498
-11.0343101734672
-11.0301142436013
-11.0258089092445
-11.0214277527239
-11.0172390777535
-11.0134902758162
-11.0101515446861
-11.0071766007785
-11.0045268499319
-11.0021703436909
-11.0000800638033
-10.9982326674378
-10.9966075722018
-10.9951862787725
-10.9939245322205
-10.992777286852
-10.9917284017282
-10.9907654946275
-10.9898775145368
-10.9890545496301
-10.9882876497099
-10.9875686744232
-10.9868901702579
-10.9862452708141
-10.9855069535697
-10.9845881112598
-10.9835675348803
-10.9825220784512
-10.9815134318306
-10.9805891066487
-10.9797846670359
-10.9791256743816
-10.9786293081515
-10.9783057245309
-10.9781155567051
-10.9779862367296
-10.9778645611392
-10.9777081266296
-10.9774830460287
-10.9771628419027
-10.9767274863474
-10.9761625518375
-10.9754584546364
-10.9746097764974
-10.9735736083785
-10.9723379773458
-10.9709618208654
-10.9694996144669
-10.9679960914853
-10.9664872524882
-10.9650017224074
-10.9635619217861
-10.9621850507599
-10.9608839170691
-10.9598489326428
-10.9592742592796
-10.9591594357795
-10.9594818959152
-10.9602141253927
-10.9613258548728
-10.9627847223917
-10.9645567414705
-10.9666067041948
-10.9688985391695
-10.9714817475171
-10.9743830881071
-10.977516655851
-10.9807972188585
-10.9841483244293
-10.9875012290984
-10.9907941037654
-10.9939714242896
-10.9969834690674
-10.999785892905
-11.0021538142997
-11.0038628228523
-11.0048916047532
-11.0052425965732
-11.004925750757
-11.0039570313399
-11.0023572720027
-11.0001512104657
-10.9973666928745
-10.9940340208837
-10.9902136354836
-10.9859880827197
-10.9814271718905
-10.9765904347835
-10.9715292587165
-10.9662883550055
-10.9609069016325
-10.9554194669573
-10.9498567646194
-10.9442462725014
-10.9386073589243
-10.9329536434971
-10.9273000674834
-10.9216620788588
-10.916055161576
-10.9104947015901
-10.9049958936933
-10.8995736582435
-10.8942425643556
-10.8890167586841
-10.8839599831413
-10.8791127261013
-10.8744412672061
-10.8699154864486
-10.8655138078826
-10.8612215302454
-10.8570294838359
-10.8529329681635
-10.8489308841957
-10.8450250162312
-10.8412495758771
-10.8376241345167
-10.8341233573959
-10.8307267930235
-10.8274209790856
-10.8241978894318
-10.8210539703391
-10.8179893648251
-10.8150072481936
-10.8121132560786
-10.8093173205709
-10.8066622699119
-10.8042168157213
-10.8020398173471
-10.8001785764207
-10.7986700346017
-10.7975420416948
-10.7968144583604
-10.7965001051012
-10.7966055827936
-10.7969748892203
-10.7974484827545
-10.7980329065644
-10.7987433895342
-10.7995921283446
-10.8005879360444
-10.8017365994507
-10.8030412429838
-10.8045026569545
-10.8061195923846
-10.8079375702017
-10.81000220152
-10.8123066862533
-10.8148383171974
-10.8175825608432
-10.8205236248396
-10.823644720452
-10.8269282848114
-10.8303561848656
-10.8339099056623
-10.8375350900421
-10.8411629041554
-10.8447502090697
-10.8482612080649
-10.8516656340366
-10.8549383378036
-10.8580588671702
-10.8610110570721
-10.8637826367925
-10.8663648550076
-10.8689542503209
-10.8717540512279
-10.8747541846927
-10.8779276807684
-10.8812472592626
-10.8846861124205
-10.8882179964678
-10.8918172988691
-10.8954591081889
-10.899119286192
-10.9025644658152
-10.9055774016575
-10.9081842305871
-10.9104286655589
-10.9123513141336
-10.9139869974201
-10.9153655408419
-10.9165127166984
-10.9174510239847
-10.9182003072015
-10.9189172050305
-10.9197406826957
-10.9206440582369
-10.9215927346081
-10.9225565187331
-10.9235096350443
-10.924430252641
-10.925300048791
-10.9261038255141
-10.9268291727234
-10.9272558887307
-10.9271720767778
-10.9266014964658
-10.9255874322706
-10.924173857429
-10.9224034689872
-10.9203176254582
-10.9179564200119
-10.915358736141
-10.9125622784556
-10.9098217300859
-10.9073677269746
-10.9051746753892
-10.9032067287514
-10.9014357319836
-10.8998395414365
-10.898400892537
-10.8971065434424
-10.8959465693059
-10.8949137749579
-10.8938591239613
-10.8926502921669
-10.891324968239
-10.8899295699203
-10.8885067581708
-10.8870948213676
-10.8857280061395
-10.8844368658737
-10.8832485663565
-10.8821871514706
-10.8813637285098
-10.8808930966266
-10.8807960253241
-10.8810811432262
-10.881751953978
-10.882807931366
-10.8842449636854
-10.8860557177244
-10.8882299741023
-10.8907549420442
-10.8934848279012
-10.8962654936828
-10.8990766496384
-10.9019097663897
-10.9047584183641
-10.9076175474404
-10.9104832633574
-10.9133526957721
-10.9162238637267
-10.9190955586693
-10.9220392224359
-10.9251256069377
-10.9283470496521
-10.9316905016303
-10.9351432408521
-10.9386930976522
-10.9423284323275
-10.9460381077146
-10.9498114682376
-10.953638324919
-10.9574073824081
-10.9609944783993
-10.9643728268687
-10.9675272212568
-10.9704478877733
-10.9731303183337
-10.9755747239792
-10.9777854747304
-10.9797705733681
-10.9815411619848
-10.9834892050514
-10.986023519969
-10.9891592143396
-10.9928768075517
-10.9971512997437
-11.0019536998207
-11.0072514863405
-11.0130090202659
-11.0191879510586
-11.0257476191511
-11.0324189370906
-11.0389356095966
-11.0452796905036
-11.051453499051
-11.0574603781914
-11.0633015067056
-11.0689760394613
-11.0744815373884
-11.0798143761033
-11.0849700962307
-11.0899895771964
-11.0949134699189
-11.0997324931861
-11.1044329164538
-11.1090008330643
-11.1134229248793
-11.1176866050378
-11.1217800864151
-11.1256924325408
-11.1294135992861
-11.1327735767655
-11.1355902099253
-11.1378455096957
-11.1395417529636
-11.1406884504038
-11.1413003756782
-11.1413967578819
-11.1410006474639
-11.1401383606016
-11.1388389838776
-11.1371749382753
-11.1352267565279
-11.1330371954686
-11.1306441381259
-11.1280837010548
-11.1253906195911
-11.1225983069299
-11.1197388663247
-11.1168430849794
-11.1139404165233
-11.1110837636711
-11.1083262615296
-11.1056942285089
-11.1032098566613
-11.1008931224136
-11.0987620049227
-11.0968325450407
-11.0951188912931
-11.0936333449921
-11.0923864059959
-11.0914755119267
-11.0910047012135
-11.0909874876099
-11.0914249572674
-11.0923129810755
-11.09364353995
-11.0954052106917
-11.0975835548685
-11.1001614789593
-11.1031195741174
-11.1063227170691
-11.1096205185956
-11.1129720899888
-11.1163492178559
-11.1197280939119
-11.1230883941519
-11.1264128746728
-11.1296870437253
-11.1328988724213
-11.1360385369767
-11.13925332809
-11.1426914409751
-11.1463335935765
-11.1501482461814
-11.1541044844869
-11.1581725504476
-11.1623238458277
-11.1665309248671
-11.17076749848
-11.1750084481255
-11.1791861131933
-11.183237983052
-11.1871541665479
-11.1909295707154
-11.1945595918143
-11.1980397078513
-11.2013655568358
-11.2045330419733
-11.2075384229889
-11.2103783913843
-11.2129794654894
-11.2152481670618
-11.217150024786
-11.2186636099364
-11.2197760081833
-11.2204820012791
-11.2207831840075
-11.2206871165554
-11.2202065333078
-11.2193586100769
-11.2182599825266
-11.217041878424
-11.2157442879239
-11.2143969110056
-11.2130262459068
-11.2116562852711
-11.2103087636417
-11.2090033460362
-11.2077577874058
-11.206588068974
-11.2053666110976
-11.203981085732
-11.2024868183887
-11.2009463854102
-11.1994157535589
-11.1979429196374
-11.1965687347272
-11.1953277704245
-11.1942490546242
-11.193356688438
-11.1926909261559
-11.1922697655232
-11.1920695486344
-11.1920677205735
-11.1922455010316
-11.1925873138723
-11.1930802505504
-11.1937136180978
-11.1944785565119
-11.1953677140442
-11.196370239113
-11.1974836841714
-11.1987180153674
-11.2000819308981
-11.201581946669
-11.2032225147787
-11.2050062291006
-11.2069340183743
-11.2090053213654
-11.2112182461372
-11.2136395727741
-11.2163269013502
-11.2192545604385
-11.2223930568074
-11.2257146681077
-11.2291931790549
-11.2328037272052
-11.2365226998731
-11.2403276587639
-11.244197286903
-11.2480457092391
-11.2517895112639
-11.2554187685347
-11.2589302746221
-11.2623220963822
-11.265593209964
-11.2687434305979
-11.2717733618502
-11.2746843463651
-11.2774784168266
-11.280276425605
-11.2831931000767
-11.2862108877829
-11.2893060042905
-11.2924570088169
-11.2956441593349
-11.2988492464954
-11.3020554997734
-11.3052475074726
-11.3084111500311
-11.3114628209063
-11.3143302321809
-11.3170275720575
-11.3195733994293
-11.3219844402914
-11.3242752110447
-11.3264582811559
-11.3285445471775
-11.3305434711549
-11.3324632848531
-11.3342883638354
-11.3359950092541
-11.3375772051248
-11.3390325627087
-11.3403608443023
-11.3415636804568
-11.3426443447896
-11.3436075478448
-11.3444592470427
-11.3452064711719
-11.3460726593448
-11.3472915322097
-11.3488730932323
-11.3508065057652
-11.3530765677842
-11.3556651081721
-11.3585514097594
-11.3617125523646
-11.3651237362616
-11.3687585912912
-11.3724992725842
-11.3762202823695
-11.3798863397729
-11.3834706354861
-11.3869488792033
-11.3902990505919
-11.3935013327387
-11.3965380548052
-11.3993936354351
-11.4020545250749
-11.404421184486
-11.4063946867585
-11.4079719565365
-11.4091599416352
-11.4099686082867
-11.4104102626568
-11.4104992804696
-11.4102518743579
-11.4096858732673
-11.4088205116022
-11.4076431220861
-11.4061448678763
-11.4043558763967
-11.4023087911984
-11.4000358957016
-11.3975688497803
-11.3949386346232
-11.3921755036412
-11.3893089273796
-11.386367534059
-11.3834239692901
-11.3805559459425
-11.3777967547053
-11.3751725952949
-11.3727059627316
-11.3704161855386
-11.368319658437
-11.3664300337202
-11.3647583951203
-11.3633134185922
-11.3620132581973
-11.3607700039393
-11.3595857887051
-11.3584700301596
-11.3574326338225
-11.3564833184192
-11.3556314722912
-11.3548860620787
-11.3542555562472
-11.3537478597222
-11.3534202145246
-11.3533390066076
-11.3535244709066
-11.3539884860699
-11.3547382310374
-11.3557771216942
-11.3571052461659
-11.3587197244925
-11.3606150365873
-11.3627833268575
-11.3651074782065
-11.3674661024794
-11.3698503708421
-11.3722612752507
-11.3747006622329
-11.3771696730446
-11.3796686883986
-11.3821974242041
-11.3847550362772
-11.3873402142397
-11.389916457463
-11.3924402110076
-11.3948995966763
-11.3972879765759
-11.3996012256331
-11.4018371001521
-11.403994947967
-11.4060754806315
-11.408080576403
-11.4100131073497
-11.4119784697913
-11.4140739401209
-11.416279895507
-11.4185716627884
-11.420927799272
-11.4233298112062
-11.4257618039942
-11.4282101833456
-11.4306633937532
-11.4331116890488
-11.4355729732587
-11.4380873840048
-11.440686377084
-11.4433936811282
-11.4462264466871
-11.4491963501912
-11.452310432303
-11.4555717946983
-11.4589801912522
-11.4625325366765
-11.4660790133979
-11.469444674872
-11.4725887667365
-11.4754887170274
-11.4781293944923
-11.4805014956125
-11.4826007015179
-11.4844269799577
-11.4859839746845
-11.4872784705355
-11.4885732799547
-11.4901460375857
-11.4920112178413
-11.4941565975496
-11.4965656465596
-11.4992201283849
-11.5021005461657
-11.5051863839477
-11.5084563181334
-11.5118884157605
-11.515407066627
-11.5189126945381
-11.5223423768574
-11.5256446262218
-11.5287761316856
-11.5317011035881
-11.53439057715
-11.5368217713347
-11.5389775046597
-11.540845654776
-11.5425822013819
-11.5443582453456
-11.546180737596
-11.5480419882262
-11.5499326717734
-11.5518424600601
-11.5537602585206
-11.5556744137017
-11.5575728979681
-11.5594434748728
-11.5609689723559
-11.5618286736499
-11.562029564596
-11.5616076637132
-11.5606021765138
-11.5590531725063
-11.5570013125007
-11.55448772455
-11.5515538760333
-11.5482414342862
-11.5448195189797
-11.541577808388
-11.5385766844912
-11.5358485855428
-11.5334171136796
-11.5312996444847
-11.5295081233561
-11.5280496550695
-11.5269270278747
-11.5261391893486
-11.5255430521279
-11.5249843056122
-11.5244492199622
-11.5239369196705
-11.5234480372705
-11.5229835401883
-11.5225445679476
-11.5221323674537
-11.5217482446482
-11.5213935242464
-11.5211886734423
-11.5212526513442
-11.5215735514563
-11.5221290340669
-11.5228968731451
-11.5238554946781
-11.5249839322119
-11.5262617710064
-11.5276691129465
-11.5291865600149
-11.5308044866868
-11.5325315749169
-11.5343831642739
-11.5363695470189
-11.5384954080414
-11.5407604681324
-11.543160266275
-11.5456868636039
-11.5483294570904
-11.5510749127757
-11.553688337841
-11.5558936693151
-11.5576172461505
-11.558816005418
-11.559461651311
-11.5595390317284
-11.559044323426
-11.5579833050919
-11.5563698035147
-11.5542243221198
-11.5516867600327
-11.5488985401621
-11.5458781463278
-11.5426377013231
-11.5391927137804
-11.5355617059424
-11.5317656308998
-11.5278273654333
-11.5237712702848
-11.5196228099643
-11.5154618110087
-11.5113856655122
-11.5074481773712
-11.503691967203
-11.5001525038048
-11.4968592224077
-11.4938362777188
-11.4911031684686
-11.4886752655138
-11.4865642581947
-11.4847640682523
-11.4832746840002
-11.4821169720579
-11.4813076248472
-11.4808575651131
-11.4807724254829
-11.4810531962501
-11.4816968143121
-11.4826966837196
-11.4840431371844
-11.4857552360907
-11.4878310148107
-11.4902163055058
-11.4928588986947
-11.4957118104829
-11.4987321944048
-11.5018807415475
-11.5051212548895
-11.5084203234596
-11.5117470721025
-11.5149574076023
-11.5179352730039
-11.5207177009897
-11.5233507524006
-11.5258742986155
-11.5283194851384
-11.5307099377324
-11.5330631517945
-11.535391665887
-11.5377040029579
-11.5399077350406
-11.5418969334421
-11.5436610084325
-11.5452014627005
-11.5465229782075
-11.5476315235733
-11.5485340055948
-11.5492381302403
-11.549752305261
-11.5500855557768
-11.5503936471066
-11.5508270591694
-11.5513715050255
-11.5520000504416
-11.5526876882858
-11.5534124180546
-11.5541549936553
-11.5548985959542
-11.5556285400931
-11.5563320224775
-11.5571592455847
-11.5582511797687
-11.5595661889652
-11.561053949536
-11.5626690332851
-11.5643703715674
-11.566120728027
-11.5678862942058
-11.5696363597919
-11.5713430413784
-11.5728131698607
-11.5738550328102
-11.574460770424
-11.5746405386952
-11.574407814232
-11.5737780127872
-11.5727681903692
-11.5713968438429
-11.5696837302748
-11.5676496970838
-11.565201942158
-11.5622410804717
-11.5587863783644
-11.5548703749063
-11.5505292130923
-11.5458015261145
-11.5407278341881
-11.5353500374838
-11.5297109736418
-11.5238540302463
-11.517974795649
-11.5122868919327
-11.5068534901233
-11.5017163983315
-11.4969091218298
-11.4924587933377
-11.4883869357922
-11.4847100501705
-11.4814401193163
-11.4785850445532
-11.4760957829592
-11.4738918520641
-11.4719246969881
-11.470158762376
-11.4685671193053
-11.4671301169941
-11.4658340938213
-11.4646703105987
-11.4636340762046
-11.4627240152867
-11.4618098495167
-11.4607776069357
-11.4596685815357
-11.4585309884736
-11.4574090216949
-11.4563422674699
-11.4553660261844
-11.4545116493795
-11.4538068345885
-11.4532758816261
-11.4530779617728
-11.4533691289604
-11.4541548495814
-11.4554282460325
-11.4571795256195
-11.4593958832001
-11.4620616413624
-11.4651584326845
-11.4686653935442
-11.4725593710919
-11.4768695445975
-11.4816212330222
-11.4867785778709
-11.4923016740564
-11.4981498772585
-11.5042814429556
-11.5106537168289
-11.5172233834853
-11.5239467295886
-11.5307799206904
-11.5376318433923
-11.544413388352
-11.5510884819514
-11.557625587554
-11.5639948666336
-11.5701683790905
-11.5761202520012
-11.5818268190335
-11.587266733236
-11.5924210528477
-11.5972002594951
-11.6015065794663
-11.6053130318585
-11.6086030348133
-11.6113665211058
-11.6135999680298
-11.6153059628767
-11.6164927060838
-11.6171734955439
-11.6173661999773
-11.6170705577556
-11.6163006394762
-11.6151067762059
-11.6135401063622
-11.6116499477533
-11.6094836944946
-11.6070868964278
-11.6045033164473
-11.6017749595733
-11.5989420802792
-11.5961102155874
-11.5933925721863
-11.5908365933392
-11.5884791987612
-11.5863515330826
-11.5844799012842
-11.5828861366451
-11.5815878963295
-11.5805989313202
-11.5799293399908
-11.5796044468873
-11.5796351433817
-11.5799996141455
-11.5806755008714
-11.5816416796424
-11.5828778911314
-11.5843645265048
-11.5860824698852
-11.5880129803615
-11.5901376077376
-11.5924795823061
-11.5950648020468
-11.5978773450385
-11.6008978940333
-11.6041062444625
-11.6074814124152
-11.6110017901592
-11.6146453075363
-11.6183895926456
-11.6222121311845
-11.6259661850822
-11.6295013703965
-11.6327972858213
-11.6358446577283
-11.6386374699908
-11.6411727306695
-11.6434502521267
-11.6454724292814
-11.6472440217686
-11.6487719396492
-11.6502673965596
-11.6519583277549
-11.6538696198611
-11.6560057791239
-11.6583652687659
-11.6609425899511
-11.6637288438502
-11.6667121517182
-11.6698780415698
-11.6732098126412
-11.6766264853726
-11.6800294502428
-11.6833708902751
-11.6866102368057
-11.6897111411927
-11.6926414669238
-11.6953731392251
-11.697881993394
-11.7001476302625
-11.7021532725085
-11.7037895243456
-11.7049575392581
-11.7056717386504
-11.7059560251433
-11.7058359305741
-11.7053378321347
-11.7044887855632
-11.7033164001534
-11.70184871415
-11.7001140683277
-11.6980553585912
-11.695610227394
-11.692803652292
-11.6896691031886
-11.6862424541734
-11.6825612142207
-11.67866409085
-11.6745906038111
-11.6703807288151
-11.6660745683217
-11.6618861493621
-11.6580312036709
-11.6545399250614
-11.6514276072743
-11.6487064514823
-11.6463857030353
-11.6444717218893
-11.6429680493884
-11.6418754718117
-11.6411920862383
-11.6409395120531
-11.6411425895672
-11.6418007615171
-11.6429073113475
-11.6444510389336
-11.6464167675173
-11.6487857516745
-11.6515360691088
-11.6546430018982
-11.6580794073726
-11.6615772949522
-11.6648572760905
-11.6678861866285
-11.6706521818037
-11.6731487221498
-11.6753727741147
-11.6773244129694
-11.6790065433326
-11.6804246408321
-11.6815865065058
-11.6828758453117
-11.6846859932507
-11.6870188210535
-11.6898475857068
-11.693140978182
-11.6968634475791
-11.7009757306951
-11.7054353938738
-11.7101973553582
-11.7152143924883
-11.7201319861729
-11.7245893165789
-11.7285493159164
-11.7320034254139
-11.7349501669244
-11.7373922832243
-11.7393362412468
-11.7407919288493
-11.7417723766387
-11.7422934886767
-11.742388170819
-11.7420876945416
-11.7414065102873
-11.7403610408181
-11.7389706448434
-11.7372573140395
-11.7352453090247
-11.7329608067884
-11.7304315643115
-11.7276865985833
-11.7248809985204
-11.7221733058742
-11.7195909146969
-11.7171508397844
-11.7148677625421
-11.7127543363474
-11.7108212531449
-11.7090772986047
-11.7075294086287
-11.7061827286429
-11.7050139261669
-11.7039966142265
-11.7031301952417
-11.7024149960154
-11.7018506680497
-11.7014361513337
-11.7011696706064
-11.7010487402172
-11.7010701761546
-11.7012301145191
-11.7014046622123
-11.7014672759268
-11.7014167375248
-11.7012611476004
-11.701010136837
-11.7006742115253
-11.7002645690826
-11.6997929514439
-11.6992715079662
-11.6987126659237
-11.6981323356167
-11.6975461077461
-11.696965580294
-11.6964019762523
-11.6958663299783
-11.6953694100619
-11.6949216357533
-11.6945330002812
-11.694213001799
-11.693970581878
-11.6939440296405
-11.6942749048769
-11.6949687834609
-11.6960198689716
-11.697418937058
-11.6991535617949
-11.7012084007287
-11.7035654848389
-11.7062045061411
-11.7091031037983
-11.7122643453412
-11.7156925521813
-11.7193644040236
-11.7232531372955
-11.727330385785
-11.7315666097974
-11.7359314209314
-11.7403938861332
-11.7449228160352
-11.7494870375332
-11.7540189418358
-11.7584478450626
-11.7627398230021
-11.7668655939372
-11.7707984974729
-11.7745144981191
-11.7779922149956
-11.7812129396626
-11.7841606396549
-11.7868219470197
-11.7891659541262
-11.7911713786306
-11.7928474496428
-11.7942057202961
-11.7952581309484
-11.7960168054912
-11.7964940963084
-11.796702630449
-11.7966553398527
-11.7963654756583
-11.7958193823995
-11.794994389015
-11.7938890496569
-11.792507020939
-11.7908556110377
-11.7889453878565
-11.786789816376
-11.7844049074814
-11.7818088781365
-11.7790218236297
-11.7760924697278
-11.7730694279801
-11.7699721175741
-11.7668190052367
-11.7636291444074
-11.7604219499353
-11.7572169961884
-11.7540338285537
-11.7508917874802
-11.7478098452243
-11.744778102637
-11.7417910063139
-11.7388770229585
-11.736064508648
-11.7333793254962
-11.7308446398768
-11.7284809753488
-11.7263062833729
-11.7243360161611
-11.7225832013649
-11.7210096433597
-11.7195730072942
-11.7182795910942
-11.7171382556535
-11.7161571204326
-11.715343152863
-11.7147021417913
-11.7142387054338
-11.7139563079068
-11.7138572816294
-11.7139335058895
-11.7141735602136
-11.7145727461944
-11.7151263593215
-11.7158294095632
-11.7166766016554
-11.7176623327926
-11.7187806975729
-11.7200254990604
-11.7213902652117
-11.7230551831504
-11.7252098331462
-11.727852166338
-11.7309625193353
-11.7345160325607
-11.7384845320667
-11.7428370452609
-11.7475402050492
-11.7525586340297
-11.757855316666
-11.7632737059502
-11.7686465755711
-11.7739232643469
-11.7790635581886
-11.7840309640129
-11.7887923966401
-11.7933181533341
-11.7975818963905
-11.8015606255218
-11.8052346378796
-11.8084524329867
-11.811064298203
-11.8130673726626
-11.8144734881085
-11.8152994051815
-11.8155653998419
-11.8152948962144
-11.8145141806575
-11.8132521239097
-11.8115399042139
-11.8094714983845
-11.8071460174437
-11.8046017693533
-11.801872167626
-11.7989896693626
-11.7959861399536
-11.7928927778997
-11.7897400064908
-11.7865573632422
-11.7833733913647
-11.7803457939851
-11.7776350353516
-11.7752646677834
-11.7732459731187
-11.7715861229133
-11.770288745545
-11.7693541379836
-11.7687794603712
-11.7685589341032
-11.7686840442342
-11.7692058579582
-11.7701762633183
-11.77158157253
-11.773400739126
-11.7756094088236
-11.7781805287139
-11.7810847184435
-11.784290618286
-11.7877652273544
-11.7914742320866
-11.7952134422893
-11.7987733374602
-11.8021210617269
-11.8052392354263
-11.8081146670966
-11.8107368273443
-11.8130976397662
-11.8151913688263
-11.8170145146063
-11.81856570555
-11.8199457062388
-11.821258000936
-11.8225016303772
-11.8236694624159
-11.8247545813198
-11.8257507564687
-11.8266524861018
-11.8274550085937
-11.8281543070087
-11.8287471087459
-11.8289725435034
-11.82855954277
-11.8275041435088
-11.8258260921288
-11.8235524595321
-11.8207157810784
-11.8173532678057
-11.8135061285327
-11.8092189373487
-11.8045390400912
-11.7997349776274
-11.795082459579
-11.7906300657703
-11.7864105054042
-11.7824533816855
-11.778785146516
-11.7754291224926
-11.7724055275202
-11.7697314996224
-11.7674211261503
-11.7655248164768
-11.764092429462
-11.7631304184542
-11.7626377761079
-11.7626088457395
-11.7630337360704
-11.7638986640446
-11.7651862934625
-11.7668760731854
-11.7689445743177
-11.7712585721893
-11.7736778539019
-11.7761707589606
-11.7787136867685
-11.7812847744795
-11.7838636920603
-11.7864316138416
-11.7889712022867
-11.791466593114
-11.7939033797875
-11.796251171182
-11.7984803030356
-11.800580656621
-11.8025452116056
-11.8043688458265
-11.8060482019218
-11.8075815822897
-11.8089688452177
-11.8102113004896
-11.8113116044046
-11.8123212741994
-11.8132956485973
-11.8142422302984
-11.8151644066416
-11.8160646552014
-11.8169450350762
-11.817807271048
-11.818652801637
-11.8194828190596
-11.8202983045349
-11.8212067588823
-11.822320026358
-11.8236397616357
-11.8251581130987
-11.8268642419271
-11.8287446955611
-11.8307837613235
-11.8329638035773
-11.8352655841302
-11.8376685672943
-11.8401742766045
-11.8427834812704
-11.8454720738986
-11.8482143214653
-11.85098429558
-11.8537560587639
-11.8565038777303
-11.8592024274491
-11.8618269835592
-11.8643536035755
-11.8666543047414
-11.8686001378423
-11.8701738633736
-11.8713685073929
-11.8721810958025
-11.8726124140992
-11.8726667746692
-11.8723517768384
-11.8716780603601
-11.8706590527745
-11.8692973673594
-11.8675946245584
-11.8655657713025
-11.863229326418
-11.8606064595032
-11.8577206845586
-11.854597535175
-11.8512642454947
-11.8477494398642
-11.8440828324801
-11.8402509852791
-11.8362424507804
-11.8320941502756
-11.8278456599605
-11.8235361148643
-11.8192038409023
-11.8148861190849
-11.810618973697
-11.8064369777652
-11.8023730752714
-11.7985447983703
-11.7950722208013
-11.7919847132058
-11.789301069164
-11.7870350598599
-11.7851960963395
-11.783789471094
-11.7828165775178
-11.7822751336486
-11.78215941157
-11.7824902568436
-11.7832870314442
-11.7845360448402
-11.7862186961283
-11.7883135188805
-11.7907966274486
-11.7936420109129
-11.7968218149552
-11.8003066200592
-11.8040657155947
-11.8078815500487
-11.8115275773008
-11.8149684549298
-11.8181859030708
-11.8211665221591
-11.8239002225762
-11.8263799354277
-11.8286014213481
-11.8305630914517
-11.8322658322997
-11.8339008279206
-11.835665045885
-11.8375601310998
-11.8395750914777
-11.8416975882767
-11.8439139636332
-11.8462094622227
-11.8485684542227
-11.8509746448362
-11.8534112735589
-11.8557540250134
-11.8578758129975
-11.8597624350402
-11.8614096961144
-11.8628165150863
-11.8639844726942
-11.8649175861146
-11.8656220991007
-11.8661062752521
-11.8663801939033
-11.8665003496857
-11.8665286828783
-11.8664837322457
-11.8663800054585
-11.8662308046128
-11.8660485369781
-11.8658447604404
-11.8656302065935
-11.8654147993137
-11.8652076710159
-11.8649905887546
-11.8647425264534
-11.8644680515454
-11.8641732124575
-11.8638640906832
-11.8635466723266
-11.863226802692
-11.8629101488221
-11.8626021654061
-11.8623080638112
-11.8620037955133
-11.8616652168159
-11.8612990084376
-11.860913673975
-11.8605175795328
-11.8601187259059
-11.8597247178516
-11.8593427482325
-11.8589795844114
-11.8586415560291
-11.8585451732658
-11.8589181711663
-11.8597728898427
-11.8611014768486
-11.8628904955862
-11.8651235667008
-11.8677817582908
-11.8708437962629
-11.874286260035
-11.8780837853711
-11.882077208466
-11.8860961369596
-11.8901013766983
-11.8940653191816
-11.8979632000897
-11.9017717780885
-11.9054692470524
-11.9090352486322
-11.9124508910595
-11.9156987626617
-11.9187843793715
-11.9216996022506
-11.9244011217621
-11.9268492158846
-11.9290099306783
-11.9308548711616
-11.9323609222058
-11.933509967152
-11.9342886055326
-11.9346878691364
-11.934635806131
-11.9340554147251
-11.9329375665745
-11.9312846526219
-11.929106059597
-11.9264173307364
-11.9232394083197
-11.9195979119618
-11.9155224548784
-11.9110460010618
-11.9061039297121
-11.9006420626302
-11.8947231118148
-11.888416771149
-11.8817913836005
-11.8749132528014
-11.8678465535881
-11.8606532477894
-11.8533929788476
-11.8461229535584
-11.8389384300956
-11.8319356406752
-11.8251677908866
-11.8186810319042
-11.8125170060034
-11.8067130856623
-11.8013024512677
-11.796314165665
-11.7917732559641
-11.7877008031778
-11.7842635026544
-11.7816243662163
-11.7797827280829
-11.7787232738712
-11.7784265763109
-11.7788694207443
-11.7800248444662
-11.7818622249827
-11.7843474302482
-11.7874430240356
-11.7910933188727
-11.7952378606101
-11.7998283564394
-11.8048163239972
-11.8101524662292
-11.8157868965294
-11.821669387879
-11.827749639905
-11.8339775576262
-11.8403035362226
-11.8466065193868
-11.8527653035077
-11.8587359844291
-11.8644819277772
-11.8699696590985
-11.8751688716601
-11.8800524895747
-11.884596715916
-11.8887810613393
-11.8925883518256
-11.8958820534294
-11.8985229326738
-11.9005010129689
-11.9018208977904
-11.90249403875
-11.9025379863293
-11.9019757611841
-11.9008352461145
-11.8991485971485
-11.8969516763252
-11.8943728556454
-11.8915494226907
-11.8885304534579
-11.8853574553984
-11.8820698132156
-11.8787051441286
-11.8752992751475
-11.8718861945641
-11.8684980024048
-11.8651648630723
-11.861864196518
-11.8585689183617
-11.8553023084429
-11.8520906548787
-11.848959774463
-11.8459346312158
-11.8430391548918
-11.8402960873915
-11.8377268456044
-11.8353513997211
-11.8332242641821
-11.8314002843014
-11.8298954356575
-11.8287201017151
-11.8278815209362
-11.8273840858926
-11.8272294745078
-11.8274167771861
-11.8279426304377
-11.8288013572704
-11.8301735065312
-11.8322456987672
-11.8350086642287
-11.8384348868852
-11.8424905205006
-11.8471366916327
-11.8523301942909
-11.8580241254008
-11.8641684956592
-11.8707108171179
-11.8776853392182
-11.8851313661907
-11.8929979699313
-11.9012249377908
-11.9097492762841
-11.9185064615494
-11.9274310785245
-11.9364573769298
-11.9455197824571
-11.9545533669133
-11.9633462304606
-11.9716752825275
-11.9794662675092
-11.9866619737315
-11.9932133936817
-11.9990789966789
-12.0042245330483
-12.0086228383523
-12.0122536045144
-12.0151031192484
-12.0170710125586
-12.018047920003
-12.0180170868054
-12.0169798940083
-12.0149497328359
-12.0119505267254
-12.0080154455528
-12.0031856886628
-11.9975093381872
-11.9910402878872
-11.9838327572507
-11.9759511770463
-11.9674728825535
-11.9584752321535
-11.9490347202602
-11.9392266503077
-11.9291248417387
-11.9188013500976
-11.9083262031786
-11.8977671566727
