0
-3.30624438406045e-07
-1.27160779840919e-06
-2.72476217460328e-06
-4.5987351460793e-06
-6.80853004895991e-06
-9.27526485742926e-06
-1.19259543926152e-05
-1.46932944503838e-05
-1.75154454920651e-05
-2.0335815857054e-05
-2.40591023493593e-05
-2.964743061495e-05
-3.71999504490875e-05
-4.67981629254915e-05
-5.84725026429095e-05
-7.22547607036741e-05
-8.81688008144631e-05
-0.000106229729257317
-0.000126444142861905
-0.000148810658220849
-0.000171028954562781
-0.000190702435835742
-0.000207436716277882
-0.000220959049551013
-0.000231240450547759
-0.000238174581022957
-0.000241659441721062
-0.000241609427940769
-0.000237957620977809
-0.000230655849667762
-0.000219480570950405
-0.000204317693494851
-0.000185347706481488
-0.000162752053179229
-0.000136712268396246
-0.000107408416558635
-7.50177124154059e-05
-3.9713345029681e-05
-1.66346613569136e-06
3.89696886998789e-05
8.09000784288172e-05
0.000122756061482184
0.000164234708209629
0.000205092787259155
0.000245159091974336
0.000282796548403695
0.000316576829638463
0.00034673518794751
0.000373418965826165
0.000396714283598989
0.000416235729739014
0.000431752199902997
0.000443626102181533
0.000452204927052391
0.000457822508449201
0.000460798109068102
0.000461435419648372
0.000460021551126809
0.000456825864135859
0.000452098375324619
0.000447948641271542
0.000446185268762329
0.00044645405637068
0.00044841477988482
0.000451740825987497
0.000456121580988629
0.000461264196362276
0.000466894686957222
0.000472758536001676
0.000478620944153793
0.000481010081885934
0.000476690305838869
0.000465915093478
0.000448950485185636
0.000426073934186348
0.000397571378219568
0.000363734621355853
0.000324859099933316
0.000281241956513562
0.000233180356219994
0.000180877522775893
9.47312685082126e-05
-5.0822832659014e-05
-0.000247658193143117
-0.00048911974426005
-0.000770307567399634
-0.00108683200430466
-0.00143459642120204
-0.00180973446542636
-0.00220858789754506
-0.00262509109277978
-0.00305344250917968
-0.00349087490587286
-0.00393503728616534
-0.00438387401918676
-0.00483559603696631
-0.00528865644905672
-0.00574172479805767
-0.00619366207523546
-0.00664349813447146
-0.00708907035565881
-0.00752795146938655
-0.00795888034960783
-0.00838086196574089
-0.0087930928550958
-0.00919492331628705
-0.00958582825464181
-0.00996538427393057
-0.0103332520564184
-0.0106891628743155
-0.011031784764519
-0.0113602068817178
-0.0116750959410887
-0.0119771443706465
-0.0122669665837593
-0.0125451031645354
-0.0128120407621093
-0.0130682263741884
-0.0133140763430832
-0.013549981962023
-0.0137831709992015
-0.0140204591277833
-0.0142611807798208
-0.0145044729957078
-0.0147495243849591
-0.014995574309905
-0.0152418999514604
-0.0154878043433429
-0.0157326063309223
-0.0159756325161777
-0.0162119376940286
-0.016436579363591
-0.0166490536461989
-0.0168490209329148
-0.0170361437308584
-0.0172100848567202
-0.0173705120396283
-0.017517103165047
-0.0176495519317174
-0.0177675738345231
-0.0178722641756365
-0.017964238425703
-0.0180421230214021
-0.0181045367876612
-0.0181503980405333
-0.0181789298336953
-0.0181896126849305
-0.018182148440804
-0.0181564348784477
-0.0181125460013142
-0.0180499267537788
-0.0179686709523799
-0.0178702967369449
-0.0177563612958739
-0.0176283703439486
-0.017487775461921
-0.0173359757837325
-0.01717431933438
-0.0170041038348912
-0.0168265770490008
-0.0166384323020837
-0.0164354556246703
-0.0162173736243183
-0.0159844271072201
-0.0157371250946261
-0.0154760958592396
-0.0152020515209228
-0.0149157646383432
-0.0146180484660186
-0.0143097406437786
-0.0139959680282068
-0.0136823900285022
-0.0133707708362095
-0.0130627252761015
-0.0127598096064494
-0.0124634675126932
-0.0121750260680173
-0.0118956967615718
-0.0116265776164175
-0.011368655595382
-0.0111239248752077
-0.0108943917667608
-0.010680916463836
-0.0104842060588013
-0.0103048472364536
-0.0101433016419541
-0.00999991084797663
-0.00987490236966597
-0.00976839598071746
-0.0096804101501548
-0.0096120010146367
-0.00956386397006713
-0.00953518043620442
-0.0095250546215313
-0.00953257160478755
-0.00955680238966804
-0.00959680937243991
-0.00965165140560225
-0.00972038839738162
-0.0098020854878077
-0.00989290271882241
-0.00998919666597772
-0.0100905489352259
-0.0101966614195189
-0.0103072253699164
-0.0104219104194763
-0.0105403667524364
-0.010662228071403
-0.0107871146688397
-0.0109146365238876
-0.0110437565614921
-0.0111733094426404
-0.0113026702288836
-0.0114312504915975
-0.0115584913416218
-0.0116838730934665
-0.0118069161225559
-0.0119271808547236
-0.0120442674723335
-0.01215781541391
-0.0122710449431739
-0.0123872317479285
-0.0125060146680882
-0.0126269066327859
-0.0127494586359869
-0.0128732876201844
-0.0129980750342377
-0.0131235634627967
-0.013249553270974
-0.0133758995573441
-0.0135020374495961
-0.0136271622830588
-0.0137507087666027
-0.0138721675608842
-0.0139910680637707
-0.014106968893622
-0.0142194556136357
-0.0143281393054199
-0.0144326554762656
-0.0145326632918533
-0.0146246289297452
-0.0147051082060453
-0.0147740856093508
-0.0148316873264437
-0.0148780667041334
-0.014913417422424
-0.0149379732349771
-0.0149520060966529
-0.0149558236170765
-0.0149497659181094
-0.0149355828996268
-0.0149154251055542
-0.0148903788559532
-0.014861422815528
-0.0148294617299596
-0.0147953283340471
-0.0147597866545671
-0.0147235352564123
-0.0146872103230003
-0.0146513885988198
-0.0146143507227527
-0.0145741869366239
-0.0145311397546857
-0.0144855216197153
-0.0144376300084841
-0.0143877432498688
-0.0143361205384414
-0.0142830022633331
-0.0142286104565692
-0.0141731493354728
-0.0141220523717104
-0.0140808985067201
-0.0140499525250083
-0.0140292249005632
-0.0140186696060977
-0.0140181951667507
-0.0140276685913594
-0.0140469191257588
-0.0140757420489954
-0.014113902472354
-0.0141560985904
-0.0141967593949557
-0.0142353113830851
-0.0142714353780517
-0.014304870776554
-0.0143353933004338
-0.0143628118335353
-0.0143869662329907
-0.014407725135446
-0.0144249837757836
-0.0144411059935464
-0.014458496551871
-0.0144770545814313
-0.014496590543417
-0.0145169320544898
-0.014537937702468
-0.0145594974346538
-0.0145815319527132
-0.014603991974596
-0.0146268574494847
-0.014651791964657
-0.0146804380398787
-0.0147126815521571
-0.0147483395938746
-0.014787227441245
-0.0148291628935258
-0.0148739676551583
-0.014921468543232
-0.0149714986155706
-0.0150238981966396
-0.0150784462940033
-0.0151349162942587
-0.0151931520117869
-0.0152530127127957
-0.0153143677306903
-0.0153770972903985
-0.0154410919759775
-0.0155062518765343
-0.0155724855268779
-0.0156397087071845
-0.0157033394327989
-0.0157587313240207
-0.0158058166684623
-0.0158446830517056
-0.0158754553886004
-0.0158983046708468
-0.0159134442512203
-0.0159211248807007
-0.0159216295770539
-0.0159152684574714
-0.015905371933935
-0.0158957670420342
-0.015887729373226
-0.0158824960047262
-0.0158812459402879
-0.0158850337757356
-0.0158947885623853
-0.0159113190727986
-0.0159353200179128
-0.0159673784760074
-0.0160083614091545
-0.0160583889048048
-0.0161164572029793
-0.0161815364371615
-0.016252636072513
-0.0163288069219644
-0.0164091416201325
-0.0164927749334007
-0.016578883991515
-0.0166666884534863
-0.0167511665289423
-0.0168273296333603
-0.0168947010116152
-0.0169530540476249
-0.0170022225369679
-0.0170420888132073
-0.0170725786355153
-0.0170936568705439
-0.0171053237072329
-0.0171076113842417
-0.0171032747974026
-0.0170955408664725
-0.0170852818291307
-0.0170732189893972
-0.0170600154692695
-0.0170462817407183
-0.0170325773567491
-0.0170194126567624
-0.017007250654235
-0.0169965091249811
-0.0169868793970662
-0.0169777584963549
-0.0169689755687754
-0.0169603915898529
-0.0169518859686418
-0.0169433551100493
-0.0169347114463987
-0.0169258824615724
-0.0169168097037111
-0.0169074477979388
-0.0168984981661019
-0.0168903832938154
-0.0168825041935973
-0.0168743012782904
-0.0168652847385699
-0.0168550177868829
-0.0168431100150286
-0.0168292122245974
-0.0168130119190897
-0.0167942293654539
-0.016771755170186
-0.0167447009734368
-0.0167132866708836
-0.0166777750504916
-0.0166384291678256
-0.0165955102007324
-0.0165492765820703
-0.0164999832617764
-0.0164478810551566
-0.0163932160667748
-0.0163350919016858
-0.0162725508420216
-0.0162057587058151
-0.0161349297988179
-0.0160602836484058
-0.0159820423518201
-0.0159004293384926
-0.0158156682653645
-0.0157279820002407
-0.0156375916893722
-0.0155494899611181
-0.0154692050586804
-0.0153978500003792
-0.0153363327453004
-0.0152854755780523
-0.0152459800451113
-0.0152184272759444
-0.015203282127746
-0.0152008982827952
-0.0152115237802281
-0.0152314085598371
-0.0152563139747102
-0.015285584502546
-0.0153186948541326
-0.0153551383201402
-0.0153944348961248
-0.015436132226688
-0.0154798057448989
-0.0155250586000927
-0.0155715214466113
-0.0156185683164818
-0.0156655397730355
-0.0157120333993552
-0.0157576752880588
-0.01580211518575
-0.0158450334302369
-0.0158861403503292
-0.0159251751355219
-0.0159619046448689
-0.0159961221969011
-0.0160279853027481
-0.0160577445766804
-0.0160853803992334
-0.0161108620294183
-0.0161341639589711
-0.0161552694350431
-0.0161741705894872
-0.0161908683067071
-0.0162053720246631
-0.0162176994883959
-0.0162281336322353
-0.0162368069439668
-0.0162434360990127
-0.0162477388969205
-0.0162494608640369
-0.0162483921223099
-0.0162443662066366
-0.0162372578000023
-0.0162269805029843
-0.0162134846027228
-0.0161999778596547
-0.0161898731878414
-0.0161834120963896
-0.0161806799184706
-0.0161817327007622
-0.0161866073101144
-0.0161953233918212
-0.0162078848352005
-0.0162242811388804
-0.0162444887056275
-0.016267359612436
-0.0162916704126155
-0.0163172712933631
-0.0163440371421449
-0.0163718533710099
-0.0164006406382447
-0.0164303558144339
-0.0164609907182261
-0.0164925704117775
-0.0165251513227017
-0.0165574693858744
-0.0165883779182667
-0.0166182844107982
-0.0166477382948867
-0.0166773274279408
-0.0167076296990249
-0.0167392062463051
-0.0167725984242909
-0.0168083254738936
-0.0168468823776992
-0.0168906723927924
-0.0169418654440831
-0.0170003984082662
-0.0170661273664195
-0.0171389026256888
-0.0172185652251412
-0.0173049450927804
-0.0173978596084629
-0.0174971124377749
-0.0176024926756937
-0.017717250562396
-0.0178445214030011
-0.0179836891242389
-0.0181339635424884
-0.0182945520483715
-0.0184646710133195
-0.0186435486691296
-0.0188304273836289
-0.0190245657217975
-0.0192252403166156
-0.0194315512130458
-0.0196426015135349
-0.0198577222895395
-0.0200762951067587
-0.0202977314127791
-0.0205214793794954
-0.0207470206303185
-0.0209738667998674
-0.0212015565643849
-0.0214296531998303
-0.0216503467894827
-0.0218556670099593
-0.0220451561200042
-0.022218687498449
-0.022376210969465
-0.0225177406825964
-0.0226433522164621
-0.0227531798491029
-0.0228474136300131
-0.0229262962456745
-0.0229911716021808
-0.0230434186202977
-0.0230833600887079
-0.0231113088984678
-0.023127601159032
-0.0231326066195312
-0.0231267253419962
-0.0231103836685618
-0.0230840304192263
-0.02304813332757
-0.0230035719411014
-0.0229513309238427
-0.0228920621137076
-0.0228263707977475
-0.0227548467182049
-0.0226780719534156
-0.0225966205725634
-0.0225110577156687
-0.0224219386634348
-0.0223298079521016
-0.0222334861648428
-0.0221317556411682
-0.0220251445476407
-0.0219142471210872
-0.0217996557198317
-0.0216819568256195
-0.0215617293338091
-0.0214395429605856
-0.0213159566883259
-0.0211915172457689
-0.0210685889321733
-0.0209491861619798
-0.0208330567601715
-0.0207198335618626
-0.0206091450213662
-0.0205006585285309
-0.0203940837351234
-0.0202891722351463
-0.0201857158209373
-0.0200835434658731
-0.0199828772452577
-0.0198841332262608
-0.0197874868141623
-0.0196930399928928
-0.0196008698459785
-0.0195110335984615
-0.019423570586502
-0.0193385039573253
-0.0192558422471382
-0.0191755808518846
-0.0190994428540454
-0.0190296300661395
-0.0189670505038322
-0.0189125500170732
-0.0188668954191318
-0.0188307432465603
-0.0188046443213478
-0.0187890510485637
-0.0187843245870776
-0.0187907415700034
-0.0188075736105273
-0.018834113410155
-0.0188706556631875
-0.0189174816632516
-0.0189748041253025
-0.0190427608312209
-0.0191214201476884
-0.0192107871507809
-0.0193108095181381
-0.0194213831072012
-0.019543391321977
-0.0196772151645251
-0.019821702331403
-0.0199757011324092
-0.0201381052203132
-0.0203078592281258
-0.0204839571433351
-0.0206654406259342
-0.0208513977039533
-0.0210409618286487
-0.0212305652580311
-0.0214167542346157
-0.0215989986100622
-0.0217768650781378
-0.0219499493497404
-0.0221178864698163
-0.0222803523609159
-0.0224370641882706
-0.0225877803447475
-0.0227323001784883
-0.0228740770650793
-0.0230167500065821
-0.0231603849513939
-0.0233049239259621
-0.0234503126726023
-0.0235965022482749
-0.0237434499653646
-0.0238911204347318
-0.0240394865385603
-0.0241885302979736
-0.0243376277471193
-0.0244857568249553
-0.0246321575617661
-0.0247761648786659
-0.024917192210231
-0.0250547164294118
-0.025188273121572
-0.0253174528462148
-0.0254418977415068
-0.0255612984235882
-0.0256722473590167
-0.0257716840783067
-0.0258601332676606
-0.0259382328726836
-0.0260066307768335
-0.0260660021244885
-0.0261170498147481
-0.0261605027802065
-0.0261971136793801
-0.0262276563304118
-0.0262533962527573
-0.0262749050711843
-0.0262915583642244
-0.0263027684198754
-0.0263080357613735
-0.0263069198245172
-0.0262990347925621
-0.0262840477635854
-0.0262616771941336
-0.0262316915332364
-0.0261935418051077
-0.0261471595231209
-0.026093396726996
-0.026033211977869
-0.0259675547545759
-0.0258973348558441
-0.0258234160485583
-0.0257466127623019
-0.0256676877012034
-0.0255873501041173
-0.0255071232794864
-0.0254286490554278
-0.0253527055808845
-0.0252798789898413
-0.025210675013153
-0.0251455446840154
-0.0250848887718412
-0.0250290602896591
-0.024978366670855
-0.0249330718084043
-0.0248941154343726
-0.0248624914749021
-0.0248385353054092
-0.0248225439119656
-0.0248147612732325
-0.0248153713021102
-0.0248244999504945
-0.0248422182995496
-0.0248685457636466
-0.0249034533143036
-0.0249431143872646
-0.0249831793344291
-0.0250228069445074
-0.0250614616493682
-0.025098695349195
-0.025134129333583
-0.0251674375519009
-0.0251983322436936
-0.0252265521447578
-0.025251853106027
-0.0252768591066484
-0.0253042823325896
-0.0253338346959891
-0.0253649867919282
-0.0253971971419711
-0.0254299344440983
-0.0254626861614512
-0.0254949651565003
-0.0255263150631867
-0.0255563144692998
-0.0255820788928633
-0.0256007402073731
-0.0256120687364868
-0.025615998528619
-0.0256125052860477
-0.0256016017113677
-0.0255833357138424
-0.0255577884682784
-0.0255250723255895
-0.0254853286065838
-0.025442462333978
-0.0254002926712777
-0.0253586808214781
-0.0253173651374026
-0.025276103678509
-0.0252346944565988
-0.0251929726609262
-0.0251508070182684
-0.0251080967326281
-0.0250647688290722
-0.0250157847532218
-0.0249560397190011
-0.0248855448270821
-0.0248045496732413
-0.0247133556859466
-0.0246122944665698
-0.0245017233454994
-0.0243820219641241
-0.0242535889059574
-0.0241168384038636
-0.0239780310579558
-0.0238438170675607
-0.0237151606339126
-0.0235927523459736
-0.0234772068120628
-0.0233690657905028
-0.0232688003465678
-0.0231768133983517
-0.0230934424019814
-0.0230189621267432
-0.0229525350669853
-0.0228929152983228
-0.0228395740521729
-0.0227920535951638
-0.022749929355572
-0.0227127878736387
-0.0226802265034384
-0.0226518542297413
-0.0226272923252629
-0.0226061749417928
-0.0225866055440955
-0.0225667955869976
-0.0225466564580949
-0.0225261566166123
-0.0225052709184058
-0.0224839824146592
-0.0224622827017161
-0.0224401719989999
-0.0224176591398224
-0.0223947615028632
-0.0223738755179511
-0.022357371866668
-0.0223451243206261
-0.0223368980383112
-0.0223324461266005
-0.0223315233807154
-0.0223338879844495
-0.0223393023776771
-0.0223475339835128
-0.0223583558050499
-0.0223678653463796
-0.0223723000801138
-0.0223718417660511
-0.0223667912744102
-0.0223574454524671
-0.022344107764491
-0.0223270892166409
-0.022306707928073
-0.0222832883799008
-0.0222571605298288
-0.0222300145673819
-0.0222034744369687
-0.0221776951777651
-0.0221527871187359
-0.0221288594422818
-0.0221060176957401
-0.0220843625165538
-0.0220639886452025
-0.0220449840519953
-0.0220274291625294
-0.0220153701294742
-0.0220125977471543
-0.0220184984340642
-0.0220323037211572
-0.0220532803278953
-0.0220807155895177
-0.022113917084078
-0.0221522137055656
-0.0221949566720821
-0.0222415204327468
-0.0222875377522471
-0.0223287167026819
-0.0223647919526686
-0.0223957063125578
-0.0224214318683556
-0.0224419771228256
-0.0224573813132834
-0.0224677081618008
-0.0224730401798576
-0.0224734736267997
-0.0224697457993866
-0.0224630424483369
-0.0224543157928546
-0.0224444209589551
-0.0224341120866058
-0.0224240469205832
-0.022414795672768
-0.0224068490716001
-0.0224006254499077
-0.0223964770807007
-0.0223936855380098
-0.022391133193705
-0.0223883379236918
-0.0223848471776057
-0.0223802671042417
-0.0223742516667513
-0.0223665000493813
-0.022356754603002
-0.0223447986540687
-0.0223304542058912
-0.0223120704931235
-0.0222877630327395
-0.0222569919351808
-0.0222193274514059
-0.0221743954346569
-0.0221218837714393
-0.0220615372011968
-0.0219931521319967
-0.0219165722001748
-0.021831684380437
-0.0217422730005594
-0.0216524876658606
-0.0215628151663987
-0.0214735716136752
-0.021385042508808
-0.0212974912026811
-0.0212111596756237
-0.0211262690031178
-0.0210430198639794
-0.0209615930961275
-0.0208821274007134
-0.0208045486637262
-0.0207286076020437
-0.0206540917502168
-0.0205808250282489
-0.0205086389562893
-0.0204373696544313
-0.0203668564498267
-0.020296940465857
-0.0202274632361781
-0.0201552310914146
-0.0200772780621089
-0.0199940088013435
-0.019905926028645
-0.0198135270452938
-0.0197173164783261
-0.0196178016996972
-0.0195154871215217
-0.0194108686095242
-0.0193044283025424
-0.01919771139036
-0.0190923318132892
-0.0189888599828886
-0.0188878055968409
-0.0187896391644952
-0.0186947890245568
-0.0186036369277765
-0.0185165154970152
-0.0184337074459115
-0.0183554462717086
-0.0182800517128011
-0.018205698960205
-0.0181323340275084
-0.0180599180618237
-0.0179883994449224
-0.0179177245027071
-0.0178478400259473
-0.0177786948811175
-0.0177102413049735
-0.0176424359585355
-0.0175774632123635
-0.0175176247789791
-0.0174630276710094
-0.017413683173688
-0.0173695858320566
-0.0173307148743129
-0.0172970361108112
-0.0172685038915624
-0.017245062991827
-0.0172266504085603
-0.0172120679771948
-0.0171999112209865
-0.0171897493303099
-0.0171812163497357
-0.0171739747229939
-0.017167709323342
-0.0171621264595653
-0.0171569532274932
-0.0171519369177423
-0.017146844462786
-0.0171403246932566
-0.0171312875457302
-0.0171200894740494
-0.0171071479541231
-0.0170928969553399
-0.0170777956736516
-0.0170623265457259
-0.017046991989015
-0.0170323107037359
-0.0170188137243476
-0.0170071865904501
-0.0169976980297918
-0.0169900299927066
-0.0169838530046905
-0.0169788597584365
-0.0169747673978504
-0.0169713146601012
-0.016968258898186
-0.0169653733812973
-0.0169624449465327
-0.0169607884906676
-0.0169620122012581
-0.0169664687797124
-0.0169744864539762
-0.0169863818621647
-0.0170024388438613
-0.0170229048507324
-0.0170479893688297
-0.0170778631066111
-0.0171126577828924
-0.0171566803745716
-0.0172142983325865
-0.0172855919860471
-0.0173704683581699
-0.0174687873419898
-0.0175803559307687
-0.0177049239028562
-0.0178421822091972
-0.0179917634071345
-0.0181532436378964
-0.0183195619749468
-0.0184828927194453
-0.0186415148603793
-0.0187940269039934
-0.0189391511221894
-0.0190757290778556
-0.0192027199670808
-0.0193191991161494
-0.0194243567964101
-0.0195174972612809
-0.0196030735135382
-0.0196861514781658
-0.0197671344410018
-0.0198462241111408
-0.0199236005210915
-0.019999432387028
-0.0200738802764248
-0.0201470989366183
-0.0202192390208448
-0.0202904482497136
-0.0203604816506021
-0.0204292817527527
-0.0204973812915836
-0.0205653060849921
-0.0206335410689627
-0.0207025259511032
-0.0207726571542923
-0.0208442903139944
-0.0209177428325031
-0.0209932964312137
-0.0210684383508318
-0.0211403976620394
-0.021209018515026
-0.0212742573681043
-0.021336110309902
-0.021394619765453
-0.021449873610488
-0.0215020034652051
-0.0215511827842351
-0.0215976248134618
-0.021636200938473
-0.0216612684688365
-0.0216722724200099
-0.0216689412483192
-0.0216510873615068
-0.0216185955672178
-0.0215714178509192
-0.0215095692428723
-0.0214331244587682
-0.0213422151183583
-0.0212431869960011
-0.0211426977457101
-0.0210412935815404
-0.0209392694536551
-0.0208369035547681
-0.0207344656588105
-0.020632217128307
-0.0205304104643436
-0.0204292886937603
-0.0203290846156014
-0.0202291386526508
-0.0201289375799789
-0.0200290534552071
-0.019930098362728
-0.0198326526260495
-0.0197372538972768
-0.0196443936003817
-0.0195545147303401
-0.0194680104905801
-0.0193852236547415
-0.0193087756024068
-0.0192411405328485
-0.0191822045899603
-0.0191316985709332
-0.0190893202325422
-0.0190547424028764
-0.0190276162927903
-0.0190075746167051
-0.0189942347155529
-0.0189872016749322
-0.0189810419688773
-0.0189703454675836
-0.0189549445298406
-0.0189348711358721
-0.0189101816416231
-0.0188809524317321
-0.0188472799916525
-0.0188092808051322
-0.0187670910198484
-0.0187208658861901
-0.0186738817591936
-0.0186297008781423
-0.0185889578139942
-0.0185521659195062
-0.0185197952339528
-0.0184922680708926
-0.0184699601491562
-0.0184532025327545
-0.018442283679058
-0.0184374515044776
-0.0184404966623583
-0.0184528909276739
-0.0184741676952885
-0.0185038079682564
-0.0185413048885789
-0.018586166033045
-0.0186379124123669
-0.0186960775742801
-0.0187602069369126
-0.0188298573251689
-0.0189025449792538
-0.0189757009077718
-0.0190488124622427
-0.0191214822322933
-0.0191933483069651
-0.0192640798087661
-0.0193333753810878
-0.0194009619243486
-0.0194665934646322
-0.0195300501342398
-0.01959006581556
-0.0196454791565065
-0.019696330367357
-0.0197427013446381
-0.019784681189735
-0.0198223669291716
-0.0198558637510061
-0.019885284980983
-0.0199107519055897
-0.0199323934733608
-0.0199532762487244
-0.0199764629828725
-0.0200019669777895
-0.0200296864526582
-0.0200595192822644
-0.0200913678633302
-0.0201251390235675
-0.0201607437496281
-0.0201980969399235
-0.0202371171850613
-0.0202755946424398
-0.0203111911627809
-0.0203436542430326
-0.0203728383630839
-0.0203986382230867
-0.0204209827016704
-0.0204398330088788
-0.0204551809756062
-0.0204670473227339
-0.0204754799111286
-0.0204815043656571
-0.0204862557788392
-0.0204899889832127
-0.0204929378681904
-0.0204953403083059
-0.0204974338313882
-0.0204994543891568
-0.0205016354407884
-0.0205042070683944
-0.0205073950908792
-0.0205103445827185
-0.0205120915255174
-0.0205126826109304
-0.0205122112855283
-0.0205107807644945
-0.0205085019953936
-0.0205054922865834
-0.0205018739320875
-0.0204977728517197
-0.0204933172631558
-0.0204911525738664
-0.0204940617544328
-0.0205023591900979
-0.020516256164279
-0.0205359304757471
-0.0205615184228043
-0.0205931142720427
-0.0206307709546355
-0.0206745012788994
-0.0207242795332586
-0.02077907459018
-0.0208376965577671
-0.020899818801207
-0.0209651541191715
-0.0210334213387415
-0.0211043455908525
-0.0211776596260544
-0.0212531053851952
-0.0213304357474555
-0.0214094163871237
-0.0214911765875378
-0.0215768787486269
-0.0216663183682456
-0.0217592521066066
-0.0218554487829562
-0.0219546881156971
-0.022056760277057
-0.0221614652459076
-0.0222686119059486
-0.0223780169619346
-0.0224882073505442
-0.0225976318233645
-0.0227060066046747
-0.0228131111469769
-0.022918740608529
-0.0230227025981075
-0.0231248165262895
-0.0232249130525725
-0.0233228335192398
-0.0234184293686609
-0.0235112343364821
-0.023600770050621
-0.0236868865471836
-0.0237694570604166
-0.0238483645903241
-0.0239235014972717
-0.0239947687616112
-0.0240620751775893
-0.0241253365110809
-0.024184474626323
-0.0242371707033856
-0.0242809934924682
-0.0243157326144122
-0.0243412783868382
-0.0243575363170204
-0.0243644168165051
-0.0243618325301369
-0.0243496962569678
-0.0243279191369557
-0.0242964090966634
-0.0242580489917352
-0.0242156950621709
-0.024169081776639
-0.0241178075354189
-0.0240614475518913
-0.0239995642365185
-0.0239317083490952
-0.0238574201825441
-0.0237762311429475
-0.0236876658004593
-0.0235914609415061
-0.0234874778282639
-0.0233754890639951
-0.0232552742598835
-0.0231266256818488
-0.0229893519548833
-0.022843281603938
-0.0226882666576316
-0.0225241862605537
-0.0223509502292798
-0.0221676530219233
-0.0219738688429467
-0.0217704731813614
-0.0215583584100528
-0.0213384565998421
-0.0211117383336256
-0.0208792124219621
-0.020641924117945
-0.0204009519327876
-0.0201574029733954
-0.0199129387509661
-0.0196696472844455
-0.019429502646861
-0.0191944279928731
-0.0189662353758274
-0.018746599219514
-0.0185370362559168
-0.018338891408791
-0.0181533297800481
-0.0179813343296774
-0.0178232325742959
-0.0176786181090119
-0.0175468662041211
-0.0174272681057448
-0.0173190455801846
-0.0172213562107427
-0.0171332972684361
-0.0170539099686707
-0.0169821844187039
-0.0169170654770816
-0.0168564193657875
-0.0167980001534908
-0.0167406587290994
-0.0166834217499061
-0.0166253448837301
-0.0165654874092763
-0.0165029116929302
-0.0164366838255499
-0.0163658748916328
-0.0162895630794824
-0.0162073971037995
-0.0161189845007085
-0.0160231528588734
-0.0159185197251204
-0.0158037072131926
-0.0156774514657615
-0.0155386462706102
-0.0153863782739311
-0.0152199522586032
-0.0150389053474246
-0.0148421530703006
-0.0146292344529281
-0.0144012471582783
-0.0141594981387949
-0.0139053163130251
-0.0136400275128852
-0.01336493628131
-0.0130813108041576
-0.0127903708158707
-0.0124932783913218
-0.0121951743305996
-0.0119007907247192
-0.0116102654023501
-0.0113235260739738
-0.0110404606546402
-0.0107609259328139
-0.0104847507393431
-0.0102117391075344
-0.00994167364130785
-0.00967431909745033
-0.00940515489449425
-0.00912977119142637
-0.00884821833511019
-0.00856061560422386
-0.00826708210586223
-0.00796778241305693
-0.00766293528369179
-0.00735281791393349
-0.00703776740782344
-0.00671817983676934
-0.00639450306513388
-0.00606742900001209
-0.0057378801693442
-0.0054067933843044
-0.005075109312786
-0.00474376476137495
-0.0044136847660032
-0.00408577534671157
-0.00376091693446216
-0.00343995843650082
-0.003121279704081
-0.00280279089384962
-0.00248450128061878
-0.00216654097925035
-0.00184904172238658
-0.00153212772406985
-0.00121591366367454
-0.000900503238438352
-0.000585987851917031
-0.000272445343017031
3.38128511859479e-05
0.000326050430280537
0.000603632996070881
0.000866272320441856
0.00111378260756999
0.00134606470694822
0.00156310188522967
0.00176495582615908
0.00195176236591252
0.00212372693995013
0.00228420978224222
0.00243709717646815
0.0025835369497809
0.00272451418625343
0.00286098282835907
0.00299388306700037
0.00312413778624271
0.00325264736413732
0.00338028401348233
0.00350788588429365
0.00363768452191262
0.00377151031418686
0.00390934010159309
0.00405110584262328
0.004196721131502
0.00434606427722526
0.00449898045923493
0.00465528506092804
0.00481476725665486
0.00497719366169742
0.00513751418367893
0.00529058214244946
0.00543614473357048
0.00557416310342791
0.00570461505593905
0.00582748119516585
0.00594274414004508
0.00605038885191026
0.0061504032983625
0.00624277923995721
0.0063254902945946
0.00639615970603718
0.00645416956420698
0.00649904172430251
0.00653037217876451
0.00654782751185146
0.00655114368270428
0.00654012477551528
0.0065146414912064
0.00647462930355249
0.00642440197158426
0.00636894953178547
0.00630943772019067
0.00624682872255565
0.00618203893882949
0.00611595077066698
0.00604941121999649
0.00598322970199506
0.00591817583744288
0.0058549773390459
0.00579026806610235
0.00572023969775449
0.00564485197620024
0.00556422295796579
0.00547848708021357
0.00538778980478582
0.00529228757840945
0.00519214790596384
0.00508754934294224
0.00497868140301057
0.00487044479304181
0.0047680147141254
0.00467194991497535
0.00458260244814096
0.00450029014809292
0.00442529901089765
0.00435788086587579
0.00429825114743011
0.00424658705472128
0.00420302621257443
0.00416795345560429
0.0041415442075003
0.00412347385177748
0.00411338687654284
0.00411091458147913
0.00411567757561677
0.00412728847187486
0.00414535438779972
0.00416947924287728
0.00419926586508643
0.00423304968695733
0.00426911735168429
0.00430702456553407
0.00434639150988665
0.00438685756365355
0.00442808032283172
0.00446973612751258
0.00451152054266333
0.0045531487251858
0.00459435566796964
0.00463457851599152
0.00467340558498819
0.00471089668040788
0.00474712590461289
0.00478216866317297
0.00481610287759498
0.0048490089450043
0.00488096949087576
0.0049120690110305
0.00494239342291895
0.00497185644034577
0.00500017960136658
0.00502708951153681
0.00505235511092024
0.00507577465824661
0.00509716674593362
0.00511636831762759
0.00513323343589126
0.00514763227817004
0.00515945027765622
0.00517159530898736
0.00518702591213993
0.00520563206003647
0.00522718203100909
0.00525144009051471
0.00527817222922204
0.00530714739128211
0.00533813846965806
0.00537092323299633
0.00540528518622079
0.00543910638434111
0.00547018092082035
0.00549820354296051
0.00552298124336422
0.00554435600667433
0.00556219706522447
0.00557639833104065
0.00558687634150384
0.00559356842451323
0.00559643104134112
0.00559454119660785
0.0055869305455315
0.00557351250152529
0.00555425566527827
0.00552915262503163
0.00549821795197459
0.00546148750281825
0.00541901772526524
0.00537088492024536
0.0053171844603986
0.00525674427860637
0.00518813309474243
0.00511101629860193
0.00502518045235466
0.00493047491674095
0.0048267982774317
0.00471409405753269
0.00459234707367142
0.00446158008685382
0.00432185070653108
0.00417576251186652
0.0040263558698156
0.00387447950334935
0.0037208440417283
0.00356611600173034
0.00341092596264324
0.00325586910962433
0.00310150556432298
0.00294836075314459
0.002796925815057
0.00264589440950972
0.00249399659558761
0.00234182614933958
0.00219000605964348
0.00203912307241662
0.00188972855581511
0.00174233930028948
0.00159743821139833
0.00145547490069085
0.00131686617302506
0.00118168459405407
0.0010499111073596
0.000921770328176216
0.000797492973808005
0.000677293041440325
0.000561356863716796
0.000449840433664544
0.000342868173483774
0.00024053268585256
0.000142895293413141
5.30327977539321e-05
-2.60433661139367e-05
-9.4540722297933e-05
-0.000152814559931958
-0.000201245534021487
-0.000240232218827851
-0.000270188002979907
-0.000291538265400553
-0.00030471767319114
-0.000310167601374433
-0.000308250894152878
-0.000299219537710243
-0.000283290233109506
-0.000260668638562645
-0.000231556751126292
-0.000196163224577038
-0.000154708320688798
-0.00010742656842539
-5.45676845207393e-05
3.60378033980936e-06
6.46605194637696e-05
0.000125974456461498
0.000186952554911804
0.000247109571381344
0.000305990905797388
0.00036316999964322
0.000418248859188341
0.000470858456350671
0.00052065892164405
0.000567339567398632
0.000613623346008169
0.000662371497753834
0.000713465941746926
0.000766675601580853
0.000821769716912699
0.00087852091253937
0.000936705867605926
0.000996106348360272
0.00105651053892674
0.00111771451354456
0.00117770346235033
0.00123453302174117
0.00128822144247274
0.0013388745694987
0.00138661447859644
0.00143157792527764
0.00147391494055441
0.0015137869266987
0.00155136443534375
0.00158682473622303
0.00162029940818868
0.00165175259846198
0.00168103966128468
0.00170803654164089
0.00173263751624877
0.00175475128372859
0.00177430028884414
0.00179122026133799
0.00180545978126429
0.0018169798458065
0.00182473638971087
0.00182761043573893
0.00182547002508525
0.00181824831450462
0.00180590354505277
0.00178841532081438
0.00176578347721347
0.00173802703157861
0.00170518309836934
0.00166730576464265
0.00162369557759605
0.00157365366623121
0.00151727940236804
0.00145471897807775
0.00138613471042822
0.00131170212738389
0.00123160843767256
0.00114605113859206
0.00105523669895498
0.000959379305517429
0.000859725708009499
0.000757993695091492
0.000655289320816712
0.000552621552284552
0.000450931517837868
0.000351098371157075
0.000253940560977205
0.000160216792708248
7.06269472994358e-05
-1.41870036329616e-05
-9.38323068851803e-05
-0.000168288805162593
-0.000237686370375481
-0.000302146061491228
-0.000361794542869871
-0.000416775964669211
-0.000467250809238723
-0.000513393716353747
-0.000555391180671281
-0.000593439307442194
-0.000626143022388578
-0.000652195682127593
-0.000672030658820312
-0.000686141063391613
-0.000695014138388044
-0.000699127535022943
-0.000698947680032325
-0.000694928474507795
-0.000687510205492764
-0.00067711862565006
-0.000666949814458171
-0.000660036724707109
-0.000656369690225395
-0.000655819119988305
-0.000658248785978468
-0.000663522109423195
-0.000671501865339396
-0.000682049744072116
-0.000695025997398538
-0.000710289193707878
-0.00072559733826455
-0.000738622924478418
-0.000749132096234433
-0.000756976293933476
-0.000762017710527317
-0.000764131911436782
-0.000763210276733023
-0.000759161627660566
-0.000751913137446292
-0.000741410629528095
-0.000727348347663773
-0.000709638986896822
-0.000688684460018536
-0.000664890377143022
-0.000638648908223817
-0.000610337852612121
-0.000580319646398
-0.000548940604557622
-0.000516530367913459
-0.000483401517389284
-0.000450965133735732
-0.00042053111956772
-0.000392153442788745
-0.000365830890623405
-0.000341552604337312
-0.000319299823540237
-0.000299046581525349
-0.000280760324719672
-0.000264402506459664
-0.000249929158193385
-0.000235766326141296
-0.000220265430273113
-0.000203290938645004
-0.000184774902778889
-0.000164661446850281
-0.000142907009317714
-0.000119480050935022
-9.43603503100616e-05
-6.75380584042011e-05
-3.90126463365952e-05
-8.61492004604041e-06
2.36100867511992e-05
5.72307927733944e-05
9.18286516479884e-05
0.000127010082467523
0.000162405492961332
0.0001976692260287
0.000232479438741682
0.000266537893180549
0.000299569657882047
0.00033002317248612
0.000356720715879653
0.00038019160678548
0.000401000658045107
0.000419688456427418
0.000436770499916798
0.000452736630988264
0.000468050523748756
0.00048314925393728
0.00049844297197682
0.000513802086327418
0.000528817541471667
0.000543345686468434
0.000557267582947878
0.000570475007714796
0.000582868417566519
0.000594356905367668
0.000604858157782155
0.000614298332302737
0.000622611864993998
0.000632281565062068
0.000645483683946702
0.000661469107763743
0.000679428858684257
0.000698598011378636
0.000718257335199932
0.000737734568745698
0.000756404695534765
0.000773689481866557
0.000789056504930866
0.000798283969234852
0.000797492782369292
0.000786987471613767
0.000767233752649178
0.000738711711534203
0.000701908417870355
0.000657315394672832
0.00060542624175712
0.000546734377731716
0.000481730994984913
0.000412366066640429
0.000340657853358796
0.000267168103515643
0.000192378985395736
0.000116747424366131
4.07068600416669e-05
-3.53330154920574e-05
-0.000110986548015462
-0.000185892349606418
-0.000259713448380856
-0.000333418338999584
-0.000408179738395498
-0.000484034492588321
-0.000560968773239139
-0.000638961913724385
-0.000717988373875043
-0.000798018236884501
-0.000879017611801983
-0.000960949018742049
-0.00104377176406867
-0.00112732048119287
-0.00121127803140787
-0.00129530671174444
-0.00137908851355422
-0.00146232581161879
-0.00154474096361444
-0.00162607623255218
-0.00170609368248147
-0.00178457500571655
-0.0018613212772053
-0.00193632802251521
-0.00200972624285446
-0.00208159450227732
-0.00215200553344619
-0.00222103225573333
-0.00228875019416535
-0.00235523694542119
-0.00242057139398643
-0.00248483294940678
-0.00254810087272059
-0.0026069085795971
-0.00265765367699384
-0.00270028471508161
-0.00273491569592596
-0.00276169025952698
-0.00278077437135195
-0.00279235412377154
-0.0027966337843927
-0.0027938338999423
-0.00278418944996137
-0.00276821805398268
-0.00274657820301983
-0.00271978152469346
-0.00268832062597764
-0.00265267426109321
-0.00261330663778832
-0.00257066659049961
-0.00252518684630004
-0.00247728338726056
-0.00242735490508025
-0.00238035963043028
-0.0023411566067093
-0.00230976104718938
-0.0022859806083432
-0.00226959669442158
-0.00226037360130221
-0.00225806065044406
-0.00226239398082406
-0.00227309828820602
-0.00228988852308974
-0.00230781050999072
-0.00232178042872085
-0.00233144125085058
-0.00233664642922094
-0.00233728188143338
-0.00233325998076543
-0.00232451856770655
-0.00231101989264862
-0.0022927493730511
-0.00226971422237357
-0.00224442700381442
-0.00221963669251621
-0.00219573263385054
-0.00217298689805893
-0.00215164410046489
-0.00213192598042712
-0.0021140325814651
-0.00209814306938731
-0.00208441643002181
-0.00207299212086296
-0.00206394096606725
-0.00205723073345492
-0.00205278143821623
-0.00205050716158485
-0.00205031803287317
-0.00205212085980866
-0.00205581975174897
-0.00206131672863352
-0.00206851230509126
-0.00207730604449587
-0.00208416882430137
-0.00208540213598337
-0.00208071553068944
-0.00206998758637725
-0.00205313567937687
-0.00203010899133204
-0.00200088645773191
-0.00196547489301428
-0.00192390711426726
-0.00187624007071015
-0.00182674519740683
-0.00177990478615171
-0.00173603941392263
-0.0016952827860549
-0.00165774124113937
-0.00162350134680174
-0.00159263114768148
-0.00156518115857062
-0.00154118534694522
-0.00152066211738785
-0.00150420465061989
-0.0014927405289849
-0.00148690655021899
-0.0014872636474308
-0.00149430941787708
-0.00150848143911677
-0.00153015966242855
-0.0015596684946519
-0.00159727873840053
-0.00164320956051702
-0.00169531409727443
-0.00175093933064293
-0.001809348962395
-0.00186991315910305
-0.00193203643292897
-0.00199515483042201
-0.00205873594547319
-0.00212227901328522
-0.00218531494897321
-0.00224740630419237
-0.00230823158161365
-0.0023676223458789
-0.00242547198884976
-0.00248168873145284
-0.00253619335401547
-0.00258891850599325
-0.00263980819177174
-0.0026888172554384
-0.00273591085365441
-0.00278106391985184
-0.00282735490155518
-0.00287794948064292
-0.00293287643656842
-0.00299202901588654
-0.00305528455247486
-0.00312251032893916
-0.00319356487166176
-0.00326829905234542
-0.00334655715861894
-0.00342817793534152
-0.00351014043373299
-0.00358951583039453
-0.00366644037120935
-0.00374116295191543
-0.00381392817019155
-0.00388497150330303
-0.00395451870093667
-0.00402278546083463
-0.00408997721306364
-0.00415628899025014
-0.00422355769712702
-0.00429329076679674
-0.00436495779482282
-0.00443798078673469
-0.00451181021043201
-0.00458592803661121
-0.00465984781038423
-0.004733114524618
-0.00480530439665962
-0.00487602455968174
-0.00494398906974502
-0.0050078848752826
-0.00506733438171815
-0.00512203468462784
-0.00517172236210203
-0.00521617099827739
-0.00525518992885322
-0.00528862293516896
-0.00531634684985511
-0.00533827008668005
-0.00535503554609493
-0.0053675961309321
-0.00537647121091136
-0.00538214509425509
-0.00538508076643007
-0.00538571953691988
-0.00538448173360837
-0.00538176711418652
-0.00537795497630328
-0.00537340412085352
-0.00536779083195435
-0.00536087476087121
-0.00535317863628209
-0.00534521414522976
-0.00533745874891477
-0.00533035887207762
-0.00532433011068138
-0.00531975733657091
-0.00531699483039036
-0.00531636655911945
-0.00531722393894086
-0.00531857222485259
-0.00532006186460545
-0.00532139080891538
-0.00532227959914177
-0.00532246982235593
-0.00532172366356652
-0.0053198235099363
-0.00531657150474715
-0.00531178904911812
-0.00530340379264413
-0.00528918579975005
-0.00526874099078432
-0.00524179438388526
-0.00520812027470773
-0.00516753745060137
-0.00511990686232566
-0.00506512935761249
-0.00500314340513101
-0.00493392282290917
-0.00486325598032594
-0.00479735643510418
-0.00473682181784411
-0.00468197763158304
-0.00463309504224452
-0.00459040298250582
-0.00455409058734269
-0.00452430901596454
-0.0045011732441404
-0.0044847638758188
-0.00446943069618543
-0.00444943451192564
-0.00442487982388757
-0.00439609816127739
-0.00436342358771702
-0.00432718296892715
-0.00428769507260113
-0.00424527004202406
-0.00420020891036441
-0.00415280314936564
-0.00410051202955253
-0.00404057845332768
-0.003972969512694
-0.0038977822186211
-0.00381514201010309
-0.00372519913783086
-0.00362812673160856
-0.00352411895400223
-0.00341338904633931
-0.00329616730818705
-0.00317947624876496
-0.00307072557809208
-0.00297062551321866
-0.00287955355594895
-0.00279781401782156
-0.00272565288965239
-0.00266326126967791
-0.00261077808021642
-0.00256829269502853
-0.00253584758239206
-0.00250783587924362
-0.00247830835640364
-0.00244681776291629
-0.00241315126795886
-0.00237712529425201
-0.00233857870330609
-0.00229737218120971
-0.00225338772717658
-0.002206527985958
-0.00215671545274051
-0.00210540480682863
-0.00205406588509638
-0.00200260619035939
-0.00195088268990777
-0.00189876157913804
-0.00184612051657239
-0.00179284852800531
-0.00173884572708137
-0.00168402297053252
-0.00162830147192289
-0.00157606523683098
-0.00150690165784783
-0.00137271378041545
-0.0011287385126035
-0.000733708007348524
-0.00014977802263484
0.000657553366420851
0.00171953197097187
0.00306423924580158
0.0047166897473633
0.00669821496963998
0.00902719467817278
0.0117199290234135
0.014790128161818
0.0182490038168405
0.0221053861350009
0.0263658481104166
0.0310348318432831
0.0361147750389187
0.0416062365784235
0.0475118800930321
0.0538330426900707
0.0605657489351374
0.0677043982764558
0.0752420422695278
0.0831705096095362
0.0914805140474283
0.100161758933457
0.109203038755567
0.118592337523686
0.128314860469484
0.138355081470896
0.148699066793873
0.159332495710554
0.170240645633688
0.181408464736543
0.192820646750103
0.204461705876348
0.21631604941836
0.228368046700392
0.240601697711112
0.253001123297459
0.265551002667351
0.278236286191922
0.291042233875222
0.303954455410288
0.316958953255604
0.330042163515523
0.343190993762724
0.356392857334677
0.369637107532248
0.382914254726267
0.396214124231982
0.409526759398895
0.422842568251776
0.43615240472773
0.449447603970812
0.462720008677538
0.475961989848484
0.489166462530263
0.502328924145406
0.515444803790841
0.528507495063657
0.541511071398799
0.554450371547371
0.56732097687615
0.580119166797076
0.592841866890021
0.605486595047051
0.618051408656033
0.630534129497752
0.642933252285286
0.65524851340323
0.667479970710448
0.679627971891517
0.691693127011848
0.70367627836007
0.715578472187829
0.727400932611835
0.739145037572898
0.750809477232569
0.762392677485939
0.77389616383199
0.78532182960393
0.796671712412494
0.807947942954664
0.819152719032258
0.830288283865547
0.841356906978471
0.852360867304129
0.863306237334089
0.874199345809412
0.8850423272972
0.895836965178698
0.90658495141869
0.917287923339299
0.92794746430423
0.938565102736636
0.949142311223629
0.959680505864531
0.97017963257552
0.980640123877623
0.991064001772341
1.00145287803155
1.01180803589834
1.02213055150942
1.03242133870557
1.04268117843529
1.05291074031666
1.06311059968697
1.07328045123199
1.08341947114438
1.09352739743907
1.1036041310944
1.11364970622851
1.1236643049291
1.13364824542736
1.14360196782434
1.15352601956109
1.16342104127111
1.17328806958811
1.18312824875324
1.19294306457995
1.20273430334914
1.21250385771424
1.22225368897527
1.23198578102809
1.24170210465149
1.25140458977267
1.26109510385783
1.27077611040599
1.28044893485237
1.29011301543
1.29976792808426
1.30941342637533
1.31904937382437
1.32867572019683
1.33829248230125
1.34789972717774
1.3574975574861
1.36708415491946
1.37665727733432
1.38621625516362
1.39576072299777
1.4052905069417
1.41480553679032
1.42430583295663
1.43379149586465
1.44326269433516
1.45271965339768
1.46216671452789
1.47160806615671
1.48104339226053
1.49047211273282
1.49989360091433
1.50930721610882
1.51871231215472
1.528108243801
1.53749437202289
1.54687006839193
1.5562338622431
1.56558435904427
1.57492105890839
1.58424339157474
1.59355076060318
1.60284258897094
1.61211831948476
1.62137741447043
1.63061935614852
1.63984364725627
1.64904660804082
1.65822579337741
1.66738316206139
1.67652077537584
1.68564050420744
1.69474394893207
1.70383247646833
1.71290725278664
1.72196926839608
1.73101935859405
1.74005802199027
1.74908463621988
1.75809781637791
1.76709613969214
1.77607824996729
1.78504292754075
1.79398907959307
1.8029157295776
1.81182200859829
1.82070714799312
1.82957319785048
1.83842344090967
1.84725924949505
1.85608164740632
1.86489149423299
1.87368953587523
1.88247640777917
1.89125263749484
1.90001864907334
1.90877476903245
1.91751550400928
1.92623488778435
1.93493269179806
1.94360900760568
1.9522638922979
1.96089730417245
1.96950912387485
1.97809917817597
1.98666726057282
1.99521314828876
2.0037402358182
2.01225156999723
2.02074627068204
2.02922342090843
2.0376821877466
2.04612182979597
2.05454169581526
2.06294122210018
2.07131992919633
2.07967741812872
2.08801308861134
2.0963265679507
2.10461784878795
2.11288711862817
2.12113471311067
2.12936102766498
2.13756649949605
2.14575159564198
2.15391680399126
2.1620626267139
2.17019354706523
2.17831417072235
2.18642525175941
2.19452735824478
2.20262098081527
2.21070653659023
2.2187843721678
2.2268547668221
2.23491793581982
2.24297403382597
2.25102401423325
2.25906906538719
2.26710943193473
2.2751452878408
2.28317681846974
2.29120418973689
2.29922754331319
2.30724699261235
2.3152626187917
2.32327446693157
2.33127843826294
2.33927026536969
2.34725004390819
2.35521803135611
2.36317435308196
2.37111895715111
2.37905163722592
2.38697205909673
2.39487978617308
2.40277430295475
2.41065463916842
2.41851974945008
2.42636881830364
2.434201105838
2.44201597056759
2.44981285455173
2.45759127682419
2.4653508276544
2.47309116323621
2.48081200074056
2.4885158435911
2.49620543405013
2.50388111368427
2.51154310989509
2.51919156108542
2.52682651118613
2.53444792500754
2.54205570375804
2.54964969925936
2.55722972660803
2.56479200493577
2.57233237704771
2.57984992717484
2.58734404782237
2.59481431567177
2.60226044576777
2.60968227271161
2.6170797354681
2.62445286434544
2.63180176965698
2.63912753002476
2.64643104163437
2.65371229379425
2.66097131652602
2.66820817149858
2.67542295127487
2.68261577740439
2.68978679848716
2.6969361882023
2.70406414331384
2.71117321526587
2.71826639392714
2.7253444604219
2.73240806024751
2.73945782389014
2.74649436260443
2.75351826456707
2.760530091239
2.7675303740976
2.77451961178322
2.78149827118327
2.78846653941425
2.79542444878783
2.80237203796708
2.80930933280026
2.81623634619057
2.82315307880951
2.8300595199289
2.83695564828486
2.84384143295902
2.85071672411157
2.85758158390752
2.86443635688161
2.87128131641995
2.87811666590468
2.88494254568759
2.89175903922989
2.89856617955073
2.90536395571875
2.91215231914373
2.91892816954699
2.92568818677655
2.93243199668174
2.93915936492874
2.94587008343784
2.9525639670132
2.95924085403186
2.96590060690081
2.97254311216407
2.97916828030658
2.98577814291255
2.99237435560204
2.99895623284898
3.00552312099895
3.0120744566903
3.01860976296284
3.02512863873924
3.03163075020912
3.03811582377882
3.04458364016475
3.05102866042805
3.05744551155615
3.06383440496689
3.07019577214935
3.0765300749452
3.08283779406911
3.08911942587325
3.0953754800983
3.10160647809737
3.10781295135691
3.11400081098279
3.12017635494694
3.12634059966684
3.13249429094243
3.13863811129812
3.1447726893915
3.15089860124434
3.1570163713173
3.16312647375047
3.16922933376606
3.17532721181252
3.18142260113633
3.18751616504919
3.1936084023739
3.19969972850532
3.20579048428335
3.21188093935648
3.2179712954277
3.22406168962907
3.23015219804181
3.23623988929029
3.2423211743563
3.24839510943952
3.25446089660981
3.26051779446639
3.26656513133147
3.27260230283789
3.27862876807725
3.284644045145
3.29064770639947
3.29664100713316
3.30262535773395
3.30860057513109
3.31456645376328
3.32052281678501
3.32646951065848
3.33240640423298
3.33833338700175
3.34425036667062
3.350157266329
3.35605357881695
3.3619390392094
3.36781395459245
3.37367860498059
3.379533231005
3.38537804012073
3.39121320828054
3.39703888134801
3.4028551764656
3.40866218342193
3.41446072816727
3.42025156191722
3.42603460297188
3.43180972051429
3.43757676827182
3.44333558898518
3.44908601616352
3.4548278756909
3.4605609873896
3.46628516654012
3.47199898157221
3.47770118299238
3.48339191003253
3.48907131011567
3.49473949250805
3.50039653301792
3.50604247744254
3.51167734486849
3.51730113094714
3.52291381119291
3.52851642843655
3.53411024908425
3.53969559313609
3.54527265312043
3.55084153741922
3.55640228423943
3.56195487241096
3.5674992306484
3.57303524575453
3.57856277005945
3.58408065508439
3.58958710350685
3.59508089924205
3.60056095829133
3.60602636275691
3.61147637970114
3.6169104397802
3.62232811553416
3.62772910153424
3.63311319657115
3.63848008198285
3.64383008705552
3.64916411225032
3.65448290955245
3.6597871102833
3.66507727703379
3.67035391193773
3.67561746207007
3.68086832408071
3.6861068483712
3.69133477885886
3.6965534670196
3.70176260805879
3.70696189446943
3.71215108182489
3.71732997423006
3.72249841362258
3.72765627125357
3.73280344073181
3.73793983235049
3.74306710313605
3.74818677716937
3.75329841548943
3.75840176580958
3.76349666982765
3.76858296223028
3.77366048774845
3.77872911755276
3.78378875927153
3.78883936129577
3.79387982758749
3.79890985446308
3.80393090672642
3.80894420833341
3.81395069272077
3.81895105029879
3.82394577568798
3.82893520406586
3.83391953907338
3.8388988744933
3.84387239197068
3.84883928575116
3.853799717613
3.85875381642305
3.86370158766253
3.86864289044704
3.87357746997688
3.87850498525201
3.88342503125195
3.88833715705182
3.89323556716371
3.89811429836378
3.90297287715174
3.90781111816642
3.91262889064237
3.9174260909834
3.92220264665917
3.92695852005979
3.93169371107634
3.93640825861973
3.94110578609522
3.94578890651483
3.95045569519399
3.95510482922677
3.95973532294714
3.96434624812133
3.96893679932673
3.97350635483591
3.97805451075173
3.98258109062287
3.98708659524932
3.99157230726741
3.99603982959592
4.00049069749165
4.00492636219975
4.00934818803016
4.01375745044975
4.01815533534583
4.0225429391782
4.02692126984669
4.03129550153988
4.03567115515762
4.0400495564037
4.04443160289603
4.04881795574055
4.05320908466366
4.05760529189781
4.06200673198421
4.06641342894978
4.07082529140801
4.07523766922863
4.07964490427586
4.08404515774726
4.08843684564715
4.09281860896544
4.09718938533753
4.1015483730334
4.10589498945913
4.1102288328852
4.11454964901096
4.11885909857352
4.12315903162125
4.12744947947974
4.13173050216749
4.13600219953024
4.14026466571416
4.14451798868966
4.14876225240588
4.15299753884271
4.15722392968892
4.16143629851977
4.16562955655507
4.16980415335201
4.17396073002679
4.17809988581235
4.1822221640569
4.18632806279617
4.19041804442895
4.19449254369302
4.19855197425053
4.20260370374747
4.20665569706937
4.21070918316403
4.21476494712581
4.2188235985069
4.22288559973672
4.22695128532935
4.23102087815294
4.23509450350528
4.23917220141282
4.24325099654866
4.24732742545269
4.25140063523896
4.25547001367636
4.25953505586898
4.26359532726591
4.26765045834517
4.27170014003432
4.27574411838897
4.27978218871762
4.28381489167927
4.28784285179715
4.29186618427161
4.29588500531974
4.29989945254502
4.30390968102137
4.30791584772561
4.3119180998221
4.31591656633878
4.31991135240795
4.3238999838914
4.32787919766106
4.33184776009917
4.33580475040175
4.33974951767156
4.3436816828773
4.34760108553105
4.35150773461576
4.35540176749709
4.35928341643235
4.3631560446485
4.36702385001639
4.37088841502114
4.37475078317855
4.37861165186697
4.38247148136784
4.38633054564522
4.39018897095851
4.39404676643584
4.39790384817519
4.40175926131865
4.40561171325876
4.40946020997882
4.41330371697075
4.41714125997267
4.42097198190357
4.42479512232681
4.42861000229222
4.43241601532107
4.43621262258601
4.44000020797792
4.44377888282931
4.44754765496647
4.45130558098945
4.4550519388791
4.45878630161264
4.46250849163477
4.46621853351082
4.46991661276021
4.47360304114192
4.47727698150974
4.48093773463142
4.48458592602198
4.48822216946443
4.49184703541702
4.49546106282336
4.49906476095755
4.5026586104596
4.50624306410325
4.5098185473481
4.51338459706989
4.51694089899109
4.52048821248476
4.52402727841711
4.52755876988686
4.53108328828227
4.53460136597107
4.53811346932343
4.54162000172575
4.54512130659028
4.54861705524564
4.552106911895
4.55559112218884
4.55906983715468
4.56254312506699
4.56601099942612
4.5694734282972
4.57293034173216
4.57638163826637
4.57982719061781
4.58326580563962
4.58669594493207
4.59011685228715
4.59352792086019
4.59692863363735
4.60031853464225
4.60369722692537
4.60706437141207
4.61041968518023
4.61376293922005
4.61709593057906
4.62042077208604
4.62373782955285
4.62704737498045
4.63034964942138
4.63364486729101
4.6369332184592
4.64021487027419
4.64348996954963
4.64675864449213
4.65002006696335
4.65327336095317
4.65651852978942
4.65975553661277
4.66298432426587
4.66620484885175
4.66941707981498
4.67262099901245
4.67581660007397
4.67900388788429
4.68218265319514
4.68535264249318
4.68851379040021
4.69166605136041
4.69480941759411
4.69794393376132
4.70106968744385
4.70418679985323
4.70729541819855
4.71039570957241
4.71348748418312
4.71656997411873
4.71964219244373
4.72270319057284
4.72575216921567
4.72878851809485
4.73181178729916
4.73482166250048
4.73781794535431
4.74080053759611
4.74377362065973
4.74674190635381
4.74970631630641
4.75266770878354
4.75562687187273
4.75858443752396
4.76154090438808
4.76449665953345
4.7674519957223
4.77040712559243
4.77335762266037
4.77629900188417
4.77923155847951
4.78215586520848
4.7850725199011
4.78798207494528
4.79088502338718
4.79378179515555
4.79667275757732
4.79955821794568
4.80243923724514
4.80531697601627
4.80819185927676
4.81106426621606
4.8139345158243
4.81680284457046
4.81966941607977
4.82253433046909
4.82539763219079
4.82825931677057
4.8311203360317
4.83398140503021
4.83684199185394
4.83970152585345
4.8425594582507
4.84541527048971
4.84826847289832
4.85111860339958
4.85396522664449
4.85680793346555
4.8596491312566
4.86249123633175
4.86533379933789
4.86817629798183
4.87101824175901
4.87385917174587
4.87669866078542
4.87953631346439
4.88237176580679
4.88520468471417
4.88803036133901
4.89084462770542
4.89364832419901
4.89644241055068
4.89922776623284
4.9020051767628
4.90477534262939
4.90753888732214
4.91029636401403
4.91304826131566
4.91579724460674
4.91854541452842
4.92129204699975
4.92403634238451
4.92677757714132
4.92951513168011
4.93224847781382
4.93497716684776
4.93770081976586
4.94041911903261
4.94313127172757
4.94583681452414
4.9485361257486
4.95122962980196
4.95391774118239
4.95660084492083
4.95927929656679
4.96195342291673
4.96462352263526
4.96728986682503
4.96995384727684
4.97261652881888
4.97527760501941
4.9779368229052
4.98059393512335
4.983248628011
4.98590054170654
4.98854929105589
4.99119448206365
4.99383572419687
4.99646745383125
4.99908369826279
5.00168351318014
5.00426635711047
5.00683186658323
5.00937981314183
5.01191008675103
5.0144226822131
5.01691768710777
5.01939527096135
5.02186060038091
5.02431993141397
5.02677532237377
5.02922852554243
5.03168112495969
5.03413453668469
5.03659001857692
5.03904867685591
5.04151147064905
5.04397921566215
5.04645120523711
5.04892533613932
5.05139986047752
5.05387324444289
5.0563441220766
5.05881121908676
5.06127335239545
5.06372943280428
5.06617846652826
5.06861955544573
5.07105016898889
5.07346812549068
5.07587329440949
5.07826566181536
5.08064526042588
5.08301216177953
5.08536647298288
5.08770833367976
5.09003791305437
5.09235540687722
5.09466128299123
5.09695670719396
5.09924310806907
5.10152172341097
5.10379365490968
5.1060599074581
5.10832139079573
5.11057892010838
5.11283321775721
5.11508491609378
5.11733701306796
5.11959227763445
5.12185074030989
5.12411231433791
5.12637689732296
5.12864437341857
5.13091461153511
5.13318746408048
5.13546276631439
5.13774033622816
5.14001898686094
5.14229668767094
5.14457172114782
5.14684266119841
5.1491083516807
5.15136787560554
5.15362051517702
5.15586571921997
5.15810307673805
5.16033229511566
5.16255345934166
5.16476759137523
5.16697617875931
5.16918047712103
5.17138154355515
5.17358027633218
5.17577742523195
5.1779736021901
5.18016929328341
5.18236487140054
5.18456151912098
5.1867604552228
5.18896205803772
5.19116658262293
5.19337414952145
5.19558472870071
5.19779817087776
5.20001423613907
5.20223261753875
5.20445296023036
5.20667442048607
5.20889527770944
5.21111357526342
5.21332756277592
5.21553572378345
5.21773678286534
5.21992967567566
5.22211352260017
5.22428760669649
5.22645135484045
5.22860547011257
5.23075077586605
5.23288709711342
5.23501466220549
5.23713392147212
5.23924535456901
5.24134945685892
5.24344673332968
5.24553769304504
5.24762284408522
5.24969922695478
5.25176454272402
5.25382062650056
5.25586923858416
5.25791193517981
5.25995008364558
5.2619848601505
5.26401725285658
5.26604807034315
5.26807795363701
5.27011012570325
5.27214729916758
5.27418891889805
5.27623431304418
5.27828283292057
5.28033385995364
5.28238680308829
5.28444109659451
5.2864961985623
5.28855158993444
5.29060579831561
5.29265709084736
5.29470455801799
5.29674736982202
5.29878476171774
5.30081603214952
5.30284054460826
5.30485772874074
5.30686708049091
5.30886816144738
5.31085596695793
5.31282592284835
5.31477855650475
5.31671448352129
5.31863425822169
5.32053839680956
5.32242738464065
5.32430168218052
5.32616173048879
5.32800795614227
5.3298449027782
5.33167706191918
5.33350465185638
5.33532792101624
5.33714723005189
5.33896298653483
5.3407756277597
5.34258560808251
5.3443933882267
5.34619942615437
5.34800450801536
5.34980950031663
5.351615000591
5.35342150502151
5.35522941059309
5.35703900911989
5.3588504991218
5.36066399770565
5.36247955136072
5.36429714563865
5.36611808825579
5.36794412044584
5.36977596448553
5.37161409743761
5.37345877213243
5.37531001302753
5.37716765521959
5.3790313815962
5.38090075519419
5.38277524681767
5.38465032191475
5.38652067117959
5.38838446547771
5.39024043158095
5.39208760816414
5.39392524069956
5.39575274786111
5.39756969642979
5.39937578036934
5.40117080308236
5.40295779212839
5.40473990894858
5.40651727086853
5.40828987263328
5.41005765950295
5.41182049594973
5.41357818983284
5.41533051400062
5.41707722322214
5.41881806723318
5.42055268448654
5.42228048292437
5.42400082286361
5.42571328127874
5.42741760068886
5.42911363488053
5.43080132933148
5.43248070589077
5.43415184964995
5.43581489761234
5.43746901264626
5.43911392709344
5.44075087836113
5.44238101175291
5.44400535086053
5.44562481450584
5.447240219385
5.44885228350529
5.45046163086882
5.45206879705293
5.45367742443317
5.45529101845395
5.45690966381862
5.45853329919095
5.46016184451789
5.46179520329952
5.46343326094345
5.46507588366283
5.46672291798269
5.46837419076676
5.47002911945009
5.47168715123553
5.47334816098768
5.47501199037662
5.47667843788651
5.47834726679076
5.48001821196173
5.48169098596256
5.48336528451792
5.48504079140903
5.48671270581642
5.4883762899539
5.49003148882807
5.49167842895614
5.49331723999164
5.49494804330175
5.49657095320031
5.49818607884389
5.4997935260922
5.50139339925479
5.50299176215697
5.50459541143786
5.50620559730481
5.50782311822315
5.50944854890024
5.51108227191942
5.51272450238069
5.51437531127355
5.51603464716206
5.51770235585035
5.51937341690191
5.52104110364192
5.52270214413023
5.52435374460177
5.52599359420915
5.52761990845195
5.52923133319158
5.53082686727068
5.53240580251285
5.5339676752755
5.53551274152428
5.53704168693131
5.53855505682694
5.5400535609787
5.54153799565866
5.54300916725519
5.54446788096906
5.54591493350409
5.54735110672788
5.54877716229499
5.55019486010054
5.55160566767528
5.55300976569462
5.55440743908893
5.55579906742438
5.55718506989535
5.55856588642773
5.55994196400636
5.56131374589513
5.56268166325598
5.56404742858696
5.56541307854956
5.56677957370632
5.56814769784111
5.56951809850551
5.57089129760853
5.57226770336213
5.57364762220034
5.5750312702975
5.57641878450491
5.57780889694762
5.57920081073809
5.58059552149904
5.58199381489217
5.58339621618916
5.58480301424353
5.58621430612334
5.58763003731776
5.58905003615456
5.59047404272514
5.59189951339872
5.59332328781716
5.59474401038268
5.59616062297609
5.59757227410409
5.5989782839683
5.60037811972021
5.60177137500081
5.60315775257315
5.60453704939919
5.60591156038347
5.60728368363996
5.60865343897173
5.61002090204774
5.61138623417787
5.61274963116765
5.61411130807379
5.6154714882864
5.61683039479114
5.61818824327586
5.61954254366435
5.62089063493163
5.62223248236261
5.62356813005904
5.62489762170535
5.62622100968347
5.62753835424518
5.6288497221629
5.63015518554047
5.63145482077675
5.63275104001207
5.63404658949558
5.63534211308229
5.63663816357443
5.63793522794003
5.63923370772554
5.64053392307547
5.64183611859346
5.64314046940384
5.644447087263
5.64575680810541
5.64707090603441
5.64839021989248
5.64971530498431
5.65104647553701
5.65238381818597
5.65372723777315
5.65507649819924
5.65643125670737
5.65779109216953
5.65915156522824
5.66050857524095
5.66186241090789
5.66321335818927
5.66456156138043
5.66590704963259
5.6672497616389
5.66858956747935
5.66992628747749
5.67125970812599
5.67259165654113
5.67392328142804
5.67525307568428
5.6765797834851
5.67790245081025
5.67922035759587
5.68053296591135
5.68183987967867
5.6831408129926
5.68443556511688
5.68572137690756
5.68699516729996
5.68825627568939
5.68950423716192
5.6907387179536
5.69195951154311
5.69316651456163
5.6943597062114
5.69553913164479
5.69670488846222
5.69786244047802
5.69901867239772
5.70017616316913
5.70133695844075
5.70250275568599
5.70367498383569
5.70485480254142
5.70604311006526
5.7072405608518
5.70844758886405
5.70966034554028
5.71087435708558
5.71208881268897
5.71330297483086
5.7145161419679
5.71572767501766
5.71693699529273
5.71814358095382
5.71934696399701
5.72054672766809
5.72174207650191
5.72293188190581
5.72411520721981
5.72529134903132
5.72645979256171
5.72762017188154
5.72877224311856
5.72991586341461
5.73105097393126
5.73217758598148
5.73329577717879
5.73440537079921
5.7355059087582
5.73659696025213
5.73767821535477
5.73874950681312
5.73981078736495
5.7408621091072
5.7419036066012
5.74293548277698
5.74395998772553
5.74497965094031
5.74599512484873
5.74700684190368
5.74801516015454
5.7490203948988
5.7500228301793
5.75102272650155
5.75202032655153
5.75301585937408
5.75401228547391
5.75501309082003
5.75601943115918
5.75703232787937
5.75805266692739
5.75908119731075
5.76011853796478
5.76116518576182
5.76222152362979
5.76328782856537
5.76436305595738
5.76544542294154
5.76653373729623
5.76762691318922
5.76872401826274
5.76982427748638
5.77092703591934
5.77203172824106
5.77313785572386
5.77424496874591
5.77535063776492
5.77645234162738
5.77754948337894
5.77864141625528
5.77972750858966
5.78080719838695
5.78187999313926
5.78294546543323
5.78400324873657
5.78505303350053
5.78609545476459
5.78713129145635
5.7881605880507
5.78918349100429
5.79020017712945
5.79121081191648
5.79221554710151
5.79321452138211
5.79420786141845
5.79519568298117
5.79617805140013
5.7971558226608
5.79813060379683
5.79910381190611
5.80007662754356
5.80105003083121
5.80202481670499
5.80300161344404
5.8039809032517
5.80496304290194
5.80594971496283
5.80694220679902
5.80793989906131
5.80894202605597
5.80994788060076
5.81095684882858
5.81196839617468
5.81298205407545
5.81399740976723
5.81501409835203
5.8160316307981
5.81704945024842
5.81806711538559
5.81908425388316
5.82010055506632
5.82111576155574
5.82212966097834
5.82314207898024
5.82415287334578
5.82516192899915
5.82616239128222
5.82714726189209
5.82811649489815
5.82907047962621
5.83000967807183
5.83093456942128
5.83184564165486
5.83274338697974
5.83362829815427
5.83450086551633
5.83536573509874
5.83622711222526
5.8370843596941
5.83793659637026
5.83878308504548
5.83962330585158
5.84045691152295
5.84128368750623
5.84210352186335
5.84291638214699
5.84372485493985
5.8445317846245
5.84533758920239
5.84614257715204
5.84694701161858
5.84775110697476
5.84855503345528
5.84935892222625
5.85016287008524
5.85096694377799
5.85177321801897
5.85258362800438
5.85339777857077
5.85421506652216
5.85503490905925
5.85585679976319
5.85668030008521
5.85750502892995
5.85833065443507
5.85915688743654
5.85998514340748
5.86081719194388
5.86165344649395
5.86249431116206
5.86334013204108
5.86419116858141
5.86504759937848
5.86590953042703
5.86677700302633
5.86765000119478
5.86852463963976
5.86939687901185
5.87026652465082
5.8711335403563
5.87199789364101
5.87285954798712
5.87371846442971
5.87457460338639
5.87542792623356
5.87627839663478
5.87712671563813
5.87797390459169
5.87882048622401
5.8796668392297
5.88051325362346
5.8813599482145
5.88220708562303
5.88305478478906
5.88390313119551
5.88475218505315
5.8856003175756
5.88644585795888
5.88728890649539
5.88812975693015
5.88896871969111
5.88980608207826
5.89064210463573
5.8914770204695
5.89231103507528
5.89314432653743
5.89397698545659
5.89480879428508
5.89563926931126
5.89646788813806
5.89729418783977
5.8981177921541
5.89893839758434
5.89975575999531
5.9005696839578
5.90138001421432
5.90218917742323
5.90299946751494
5.90381038488038
5.90462135559359
5.90543187613743
5.90624152240545
5.90704993477592
5.90785680523117
5.90866186732454
5.9094648883165
5.91026453212147
5.91105967644899
5.91185062499097
5.91263779828802
5.91342158591764
5.91420231147796
5.91498023464005
5.91575555668798
5.91652842643506
5.91729894622356
5.91806352904899
5.91881806807532
5.91956164882483
5.92029338151517
5.92101251918406
5.92171853617843
5.92241109181896
5.9230899969172
5.92375518853497
5.92440671039479
5.92504569622403
5.92567337075777
5.92629000987761
5.92689592396949
5.92749147173571
5.9280770464039
5.92865306875018
5.92921998134974
5.92977824348277
5.93032832660613
5.9308721488024
5.93141225929662
5.93195029264149
5.93248770147284
5.93302577477128
5.9335656612525
5.93410837851902
5.93465482232372
5.93520577625555
5.9357619213772
5.93632397713426
5.93689217949905
5.9374662093345
5.93804580072573
5.93863074558229
5.93922087378072
5.93981603927375
5.94041610971831
5.94102095856249
5.94163045901292
5.94224300803719
5.94285729979181
5.94347383262729
5.94409309388358
5.94471548234062
5.94534131516718
5.94597083592925
5.94660422258429
5.94724159519746
5.94788302319578
5.9485316951334
5.94919086460823
5.94986052496547
5.95054045610015
5.9512304034885
5.95193008778561
5.95263921085782
5.95335746063478
5.9540845149986
5.95482004486679
5.95556264899023
5.9563105341938
5.95706264680126
5.95781804158236
5.9585758846779
5.95933544382615
5.96009607214304
5.96085719521888
5.96161830084869
5.96237893061984
5.96314087167238
5.96390606681277
5.9646743443941
5.96544550607667
5.9662193498241
5.96699565516894
5.96777417998818
5.9685546590354
5.96933680343738
5.97012030098886
5.97090255524244
5.97168108391381
5.97245586525662
5.97322692666307
5.9739942584713
5.97475781671523
5.97551752948671
5.97627330312593
5.97702502800142
5.97777258381211
5.97851842278842
5.97926502171455
5.98001220052267
5.98075967744908
5.98150717061051
5.98225440364297
5.98300110771709
5.98374702330892
5.98449190183134
5.98523550711794
5.98597518334628
5.98670794187556
5.98743301756758
5.98814982918559
5.9888579140901
5.98955691592113
5.99024656903815
5.99092668598653
5.99159714754234
5.99225789461445
5.99290827387669
5.9935474806042
5.99417524336197
5.99479139800457
5.99539587010758
5.99598866371425
5.99656985014147
5.99713955886544
5.99769796996879
5.9982453077526
5.9987845726474
5.99931916135279
5.99984998772685
6.00037780981514
6.00090332381936
6.00142717398551
6.00194995860687
6.00247223506002
6.00299452402003
6.0035173129227
6.00403810066788
6.004554382112
6.00506673176555
6.0055758237324
6.00608229777807
6.00658675488916
6.00708975833521
6.00759183486728
6.00809347582915
6.00859513819138
6.00909776262327
6.00960225944129
6.01010896873496
6.01061817573422
6.0111301382709
6.0116450890659
6.01216323658217
6.01268476576687
6.01320983876963
6.01373859564912
6.01426919995688
6.01479961993473
6.01532967105867
6.01585925321497
6.01638827680522
6.01691665920009
6.01744432353704
6.01797119772521
6.01849721358041
6.01902230606271
6.01954721000225
6.02007262457199
6.02059836869536
6.02112422171857
6.02164998593772
6.02217548513829
6.022700562825
6.02322508070038
6.02374891721106
6.02427196614463
6.0247919537186
6.02530681377401
6.02581697778882
6.02632299477754
6.02682538396098
6.0273246138298
6.02782110601483
6.02831524032138
6.02880735900885
6.02929777029567
6.02978806417115
6.03027960849553
6.03077218518963
6.03126551889139
6.0317593574876
6.03225347020443
6.03274764501675
6.03324168650463
6.03373541403063
6.0342286601833
6.03471997314472
6.03520803965098
6.03569304949257
6.03617526470999
6.03665492459914
6.03713223633295
6.03760737692772
6.03808049605512
6.03855171876316
6.03902114804331
6.03948850261817
6.03995313703847
6.04041444325587
6.04087189726364
6.04132507079263
6.04177360047779
6.042217179411
6.04265555200616
6.0430885096997
6.0435158872369
6.04393786242514
6.04435486450878
6.04476725319751
6.04517538187747
6.04557958352426
6.04598016990806
6.04637743366419
6.0467716502566
6.04716307965384
6.04755196774483
6.04794078524155
6.04833206052412
6.04872604028863
6.04912284622075
6.04952257378109
6.04992530136928
6.0503310925435
6.05073999755791
6.05115205467838
6.05156729134541
6.05198930391448
6.05242179670854
6.0528648550785
6.05331838409685
6.05378224057978
6.05425624259158
6.0547401727984
6.05523378153237
6.05573678980699
6.05624889228149
6.05676897607915
6.05729583722645
6.05782899871366
6.05836801055159
6.05891242999525
6.05946182017035
6.06001575106883
6.06057380063673
6.06113555578796
6.06170061333424
6.06226274679341
6.06281549934638
6.06335825910661
6.06389068670898
6.06441249554228
6.06492345401251
6.06542338402606
6.06591215868352
6.06638969982565
6.06685597543254
6.06731579031645
6.06777410870838
6.06823102289519
6.06868642492613
6.06914023779836
6.06959240819449
6.07004290463275
6.07049171644719
6.07093885280539
6.07138434171718
6.07182542947683
6.0722594474554
6.07268676079365
6.07310792730468
6.07352353058457
6.07393413695154
6.07434029168842
6.07474251876487
6.07514132089776
6.07553717947953
6.07593000923197
6.0763196692488
6.07670652221287
6.07709092376774
6.07747321463719
6.07785372513336
6.07823277433151
6.07861066879925
6.07898770135236
6.07936414992
6.07974491759016
6.08013493447007
6.08053434612857
6.08094309880674
6.08136109487254
6.08178819399986
6.08222421394952
6.08266893223799
6.08312208834822
6.08358338635787
6.08405054001679
6.08452124190444
6.08499519494268
6.08547214956812
6.08595183919472
6.08643398398285
6.08691829455488
6.08740447526132
6.08789222713598
6.08838125058354
6.08887145612397
6.0893627659448
6.08985489531105
6.0903475532661
6.09084045658147
6.09133333289152
6.0918259221761
6.09231797791699
6.09280926803542
6.09329957563181
6.09378690793239
6.09426926802699
6.09474650714585
6.09521855546945
6.09568536995913
6.09614694071369
6.09660329104806
6.09705447674091
6.09750058498234
6.09794173312699
6.09838042105186
6.09881917131951
6.09925807937082
6.09969715576901
6.10013640875756
6.10057584715997
6.10101547953237
6.10145531331299
6.10189535409394
6.10233560500905
6.10277064061207
6.10319479113406
6.10360778357377
6.10400959910625
6.10440028581533
6.10477994166201
6.10514870959456
6.10550677342773
6.10585435387001
6.10619170467498
6.10652334134895
6.10685398929215
6.10718417749466
6.10751425996863
6.10784456334924
6.10817538912803
6.10850701384482
6.10883968943736
6.10917364365
6.10950908047876
6.10984726677911
6.11018925923214
6.11053478547709
6.11088352452025
6.11123515414652
6.1115893598458
6.11194583549216
6.1123042832059
6.1126644130846
6.11302594290897
6.1133900391936
6.11375801381339
6.11412979910739
6.11450523564968
6.11488414505211
6.11526633566886
6.11565160586154
6.11603974689602
6.1164305455254
6.11682378628406
6.1172171064539
6.1176083591285
6.11799787562517
6.11838610211706
6.11877345263037
6.11916028151834
6.11954688998644
6.11993353414397
6.12032043192737
6.12070776884126
6.12109398550833
6.12147724539356
6.12185724032455
6.12223376119268
6.1226066387029
6.12297573457188
6.12334093858307
6.12370216623947
6.12405935664
6.12441247053468
6.12476155626035
6.12510676422296
6.12544827241526
6.12578626132342
6.1261209103127
6.12645239704236
6.12678089761349
6.12710658666077
6.12742963735095
6.12775022130418
6.12806724239802
6.12837943697578
6.12868669830215
6.12898900043399
6.12928635211191
6.12957878352245
6.12986634364274
6.13014909841596
6.13042712903743
6.13070053033939
6.13097368281126
6.13125115288881
6.13153324293079
6.13182006166163
6.13211167986486
6.13240813918802
6.13270945401768
6.13301561308123
6.13332658105089
6.13364230015459
6.13396217821442
6.13428542629465
6.13461160705554
6.13494033708985
6.1352712694516
6.13560407024368
6.13593841754935
6.13627400177632
6.13661052589484
6.13694770563584
6.13728262487821
6.13761248174165
6.13793735065347
6.13825743821271
6.13857295708355
6.13888411537304
6.1391911165484
6.13949415987064
6.13979344070114
6.14008915066534
6.14038356666339
6.14067893699979
6.1409753101974
6.1412726444165
6.1415708892254
6.14186999004097
6.14216988851981
6.14247052280405
6.14277182780766
6.14307373554572
6.14337550577019
6.14367637267355
6.14397621875009
6.14427493945587
6.14457244936652
6.14486868004326
6.14516357946073
6.14545711149952
6.14574925536838
6.14604000495645
6.14632809241436
6.14661220659852
6.14689232119436
6.14716847455805
6.1474407168173
6.1477091108425
6.14797373106421
6.14823466208119
6.14849199729202
6.14874583756376
6.14899844099727
6.14925217053952
6.14950725968306
6.14976384701297
6.15002204517804
6.15028194470828
6.15054361464022
6.15080710315856
6.15107243838016
6.15133962927261
6.15160759953657
6.15187529165388
6.15214278116841
6.15241017320711
6.15267755329358
6.15294498626131
6.1532125181463
6.15348017816145
6.15374798060028
6.15401592666509
6.1542824814062
6.15454611321289
6.15480687304649
6.1550648579588
6.15532016026795
6.15557286949335
6.15582307370967
6.15607086052637
6.15631631783845
6.15655953439281
6.15680403397621
6.15705344691574
6.1573079411586
6.15756753376895
6.1578322126993
6.15810194121744
6.15837665987304
6.15865628844767
6.15894072788402
6.15922986217598
6.15952316188245
6.159820160871
6.16012085848716
6.16042523477937
6.16073324504373
6.16104482971047
6.16135991811449
6.16167843129714
6.1620002844081
6.16232538882857
6.16265229955093
6.16297957571102
6.16330721672991
6.16363532092351
6.1639640005699
6.16429335773153
6.1646234826269
6.16495445428337
6.16528634147035
6.16561920358448
6.16595424713475
6.16629263961128
6.16663431605588
6.16697916850229
6.16732708486154
6.16767794660843
6.16803162830177
6.1683879975542
6.16874691520204
6.16910823561825
6.16947193529134
6.16983778910251
6.17020523866095
6.17057374620173
6.17094281784835
6.17131199259765
6.17168084074793
6.17204896308905
6.17241599007783
6.17278158098547
6.17314267172941
6.17349642383844
6.17384307284673
6.17418296000157
6.17451641762976
6.17484377341685
6.17516535544478
6.17548149583953
6.17579253329246
6.17609881474051
6.17640097780033
6.17669947336859
6.17699429706593
6.17728547602998
6.17757306171114
6.17785712401463
6.17813774650158
6.17841502220144
6.17868904992838
6.17895993111927
6.17922717226329
6.17949027308961
6.17974926439793
6.1800041119076
6.18025478730286
6.1805012898646
6.18074364756788
6.18098191612428
6.1812161777326
6.18144653973013
6.18167497062469
6.18190323468196
6.18213098208318
6.18235780648704
6.18258332052348
6.18280716684432
6.18302901885604
6.18324858040493
6.1834655851224
6.18367979543544
6.18389349847932
6.18410912997464
6.18432663594252
6.18454584428295
6.18476659575451
6.18498873619304
6.18521211607544
6.18543659084432
6.18566202114356
6.18588827295921
6.18610820443178
6.18631466360335
6.18650785263619
6.18668834678413
6.18685673329592
6.18701358538198
6.18715945980431
6.18729489614537
6.18742041629364
6.18753652406873
6.18764854919412
6.18776209187765
6.18787788811811
6.18799631578352
6.18811766925259
6.18824219868937
6.18837011808477
6.18850161016729
6.18863683049424
6.18877591101239
6.1889171244761
6.18905868046192
6.1892006692326
6.18934327919023
6.18948669356149
6.18963107954721
6.18977658769412
6.1899233522014
6.19007149137723
6.19022110816494
6.19037149997715
6.19052181130418
6.19067184100849
6.19082141233461
6.19097037542668
6.1911186031332
6.19126598929728
6.19141244735031
6.19155790898666
6.19170232289499
6.19184668195237
6.19199225847175
6.19213952714932
6.19228890353573
6.19244076762333
6.19259546692297
6.19275332118732
6.19291462655222
6.1930796589097
6.19324867659298
6.19342294285028
6.19360336259523
6.193789453754
6.19398071317675
6.19417665065631
6.19437681256733
6.19458077779002
6.19478815109155
6.19499855666961
6.19521163238529
6.19542870729031
6.19565101695158
6.19587793058674
6.19610875378156
6.19634283068865
6.19657953374631
6.19681826214734
6.19705844183878
6.19729952583622
6.19754099475099
6.19778221363643
6.19802276385249
6.19826256261191
6.19850150873941
6.19873948881007
6.19897638489604
6.19921208011405
6.19944646291669
6.19967943037824
6.19991089064172
6.20014085499995
6.20036947350873
6.20059693804515
6.2008234345402
6.20104913629537
6.20127420506088
6.20149879412026
6.20172305093343
6.20194711924686
6.20217114076474
6.2023903448909
6.20259957274562
6.20279840992087
6.20298671567729
6.20316443214886
6.20333155825553
6.20348814370675
6.20363428448488
6.20377011858568
6.20389582200587
6.20401444308061
6.20412959508275
6.20424255330708
6.20435453687307
6.20446669846131
6.20458007473219
6.20469559446118
6.20481409120853
6.20493631449632
6.20506293878294
6.20519621098516
6.20533829382661
6.20548960165346
6.20565047979727
6.20582122937402
6.20600208719463
6.20619322502536
6.20639475174041
6.20660671616608
6.20682911017301
6.20705682861813
6.20728435999564
6.20751100818391
6.20773625295484
6.20795962422063
6.20818070392185
6.20839912373335
6.20861456197706
6.20882674053578
6.20903542187699
6.20924453102516
6.20945784529969
6.20967468922697
6.20989426741846
6.210115855129
6.21033878156299
6.21056242646568
6.21078621806712
6.21100963103991
6.21123218446144
6.21145324290159
6.21167234428842
6.21188943108941
6.21210450582243
6.21231757480305
6.21252864192369
6.21273770739673
6.21294476716997
6.2131498126035
6.21335283035324
6.21355095085485
6.21374121260214
6.21392355993099
6.21409808917148
6.21426491031028
6.21442414349848
6.21457591665204
6.21472036351492
6.21485762231641
6.21498783495349
6.21510957429
6.21522150008455
6.21532393806295
6.21541721206078
6.21550163563134
6.21557752462321
6.21564520055497
6.21570499235239
6.21575723726988
6.21580228120682
6.21584688885407
6.21589777820026
6.21595495823629
6.21601816525973
6.21608711019427
6.21616150439695
6.21624106314356
6.21632550767188
6.21641456721534
6.21650798088357
6.2166041884131
6.21670190041562
6.21680145898537
6.21690324319862
6.2170075878655
6.21711477846306
6.21722505520447
6.2173386172041
6.21745562621697
6.21757620998355
6.21770091129089
6.21783013295135
6.2179636954395
6.21810142996207
6.21824318891786
6.21838882243406
6.2185381764729
6.21869109258682
6.21884740781025
6.21900695470881
6.21916779931367
6.21932790789066
6.21948700002752
6.21964490815975
6.21980149119528
6.219956611352
6.22011013255721
6.22026191999014
6.22041183964584
6.2205597580477
6.2207056874607
6.22084968959852
6.2209917246325
6.22113174519771
6.22126970521054
6.22140556584392
6.2215392963643
6.22167087453915
6.22180028694331
6.22192752915309
6.22205202132697
6.22217305971624
6.22229041330617
6.22240386313649
6.22251319922386
6.22261824115419
6.22271884058679
6.2228148816905
6.22290628072792
6.22299298488582
6.22307557207852
6.22315490941754
6.22323151007664
6.22330583827647
6.22337831551108
6.22344932249645
6.22351920234874
6.22358826357016
6.22365678280293
6.22372500739462
6.22379381521087
6.22386418154389
6.22393647356349
6.22401096542065
6.22408787958338
6.22416740220363
6.22424968811107
6.22433486448851
6.22442303403888
6.22451427780384
6.22460685561823
6.22469882021198
6.22478990954205
6.22487996200168
6.22496884337896
6.22505643502556
6.22514263224741
6.22522734330692
6.22531048845061
6.22539199897414
6.22547401098032
6.2255587275641
6.22564613535771
6.22573613658757
6.22582863030573
6.22592351018772
6.22602066467686
6.22611997739008
6.22622132755635
6.22632459049376
6.22642965650049
6.22653646460353
6.22664497689396
6.22675513113778
6.22686684747132
6.2269800428363
6.22709463242592
6.22721053024428
6.22732764957247
6.22744590336237
6.22756472266344
6.22768361218152
6.22780261589184
6.22792174379816
6.22804099034697
6.2281603559721
6.22827984926159
6.22839948749537
6.22851929687026
6.2286393125742
6.22875913175195
6.22887816634368
6.22899609868884
6.22911262150328
6.22922743181219
6.22934024197076
6.22945078139197
6.22955879756207
6.22966405694808
6.22976634574424
6.22986651698375
6.22996569989459
6.23006421746306
6.23016235929239
6.23026039564752
6.23035857359139
6.23045711682098
6.23055622603107
6.23065607946073
6.23075683357525
6.23085844829694
6.23096084102558
6.23106407955788
6.23116823155727
6.23127335111252
6.23137948000997
6.23148664824676
6.23159487467121
6.23170416781473
6.23181452688674
6.2319236514891
6.23202903880751
6.23213038825891
6.23222755786495
6.23232047340928
6.23240909499392
6.23249341281983
6.2325734448084
6.23264923412524
6.23272084662121
6.23278906038816
6.23285472412085
6.23291803135072
6.23297915138133
6.23303825466301
6.23309551380063
6.23315110320682
6.23320519869187
6.23325797705207
6.23330961565806
6.23336009347024
6.23340945082779
6.23345800559907
6.23350609437713
6.23355404422067
6.23360215936492
6.23365071976862
6.23369998074154
6.23375017283206
6.23380150189657
6.23385336588177
6.23390488031812
6.23395572144282
6.23400566939882
6.23405456877356
6.23410227656693
6.23414865799558
6.23419358577697
6.2342369394908
6.23427860495966
6.23432250178465
6.23437284970177
6.23443000171268
6.23449417562781
6.23456557092196
6.2346443464504
6.23473061891742
6.23482446366064
6.23492591590508
6.23503497225092
6.23515022391469
6.23527009144369
6.23539425828061
6.23552245696136
6.23565442241349
6.23578989045852
6.23592859833933
6.23607028535518
6.23621469352445
6.23636156827012
6.23651047479632
6.23666090217428
6.23681245947339
6.23696478751809
6.23711755564835
6.23727045405295
6.23742319331647
6.23757550436727
6.2377271383308
6.23787786627736
6.23802735069691
6.23817527334759
6.23832146740394
6.2384657873203
6.23860810418456
6.23874830684187
6.23888630119716
6.23902200936493
6.23915536879506
6.23928633138408
6.23941369729008
6.23953632485595
6.23965434241579
6.23976793514439
6.23987729342939
6.23998260982811
6.24008407805356
6.24018189211646
6.24027624554111
6.24036733064926
6.24045439800289
6.24053666033018
6.24061427204606
6.24068742992336
6.24075633632636
6.24082119663589
6.24088221820753
6.24093960944824
6.24099357895034
6.24104433467892
6.24109098719996
6.24113255854402
6.24116913621462
6.24120088531037
6.24122799506283
6.24125066018276
6.24126907794256
6.24128344654254
6.24129396365978
6.24130082515167
6.24130551977392
6.24130958363867
6.24131325220966
6.2413167007062
6.24132009342293
6.24132358568285
6.24132732388701
6.2413314455003
6.24133607904816
6.24134134412767
6.24134910106008
6.24136122266724
6.24137776802554
6.24139869999699
6.24142395695168
6.241453459545
6.24148711267031
6.24152480715392
6.24156642140501
6.24161182301356
6.24165958304088
6.24170839345673
6.24175840892451
6.24180982900038
6.24186283673561
6.24191759320971
6.24197423803364
6.24203289028585
6.24209364949846
6.24215659665059
6.24222324916223
6.2422949864894
6.24237154245024
6.24245258698505
6.24253779086171
6.24262683078711
6.24271939071332
6.24281516280409
6.24291384825626
6.24301515800236
6.24311806600772
6.2432214770859
6.24332501057473
6.24342834440236
6.24353118615403
6.24363326847542
6.24373434872401
6.24383420874706
6.24393265457284
6.2440295160178
6.24412593699155
6.24422324416193
6.24432159530306
6.24442109142989
6.24452181828877
6.24462384634028
6.24472723178971
6.24483201774201
6.2449382353254
6.24504590476589
6.24515622695704
6.24527044119578
6.24538858861932
6.24551065244143
6.24563659983132
6.24576638062702
6.2458999286531
6.24603716328933
6.2461779910266
6.24632230697076
6.24646623580028
6.24660576131683
6.24674064678454
6.24687082768676
6.24699626722287
6.24711694931841
6.24723287710181
6.24734407160835
6.24745057050722
6.24755242684745
6.24765316077918
6.24775638408698
6.2478621925702
6.24797051828322
6.24808128177647
6.24819441415775
6.24830985847959
6.24842756981057
6.24854751507509
6.2486696727807
6.24879148257697
6.24891026852353
6.24902588667963
6.24913830438994
6.24924750410524
6.24935348128851
6.24945624360216
6.24955581012782
6.24965221060589
6.24974548468708
6.249836520632
6.2499263600702
6.25001532949591
6.25010372611378
6.25019182752505
6.2502798810316
6.25036810341836
6.25045668173346
6.25054577436089
6.25063551227239
6.25072479960059
6.25081249095163
6.25089863903386
6.25098332246091
6.25106660714066
6.25114855047663
6.2512292025006
6.25130860664163
6.25138680041735
6.25146381608537
6.25153999879236
6.25161563234624
6.25169061521808
6.25176484495566
6.25183823199094
6.25191069680477
6.25198216946163
6.25205258926587
6.25212190440151
6.25219007155191
6.25225901896681
6.25233072899734
6.25240519273499
6.25248231891011
6.25256201088369
6.25264417058248
6.25272869919698
6.25281549766406
6.25290446706339
6.25299550893591
6.25308747734951
6.2531792877809
6.25327101978608
6.25336281972373
6.25345484152925
6.25354722901367
6.25364011411471
6.2537336164656
6.25382784319509
6.25392288882936
6.25402069268115
6.25412313593549
6.25423010994405
6.25434141894177
6.25445685871431
6.25457622162376
6.25469929777859
6.25482587597792
6.25495574459394
6.25508869240066
6.25521869662868
6.25533963789157
6.25545135765064
6.25555396987254
6.2556476289377
6.25573251455702
6.25580882769377
6.25587678734717
6.25593662771222
6.25598859568554
6.25603856481855
6.25609242710868
6.25615026119056
6.25621194531369
6.25627736821485
6.25634641875021
6.2564189864973
6.25649496276137
6.25657424130909
6.25665671887021
6.25673662181571
6.25680802661176
6.25687076698729
6.25692493709891
6.25697066896085
6.25700811921927
6.25703746627925
6.25705890798646
6.25707265941039
6.25707895070733
6.25707909710883
6.25707448064137
6.25706542728018
6.25705221140028
6.25703509914423
6.25701435383488
6.25699023545044
6.256962999818
6.25693289787531
6.25690017501068
6.25686704985712
6.25683579607622
6.25680667895345
6.25677986258875
6.25675548721787
6.25673367391744
6.2567145255807
6.25669812775149
6.25668454946674
6.25667384410876
6.25666487800316
6.25665647556189
6.25664863645864
6.25664139241657
6.25663476661364
6.25662877699794
6.25662343698755
6.25661875582766
6.25661473888696
6.25661138793687
6.25660724639359
6.25660078825939
6.25659193926297
6.25658070181124
6.25656709254494
6.25655113147461
6.25653284100671
6.25651224555414
6.25648937116372
6.25646424515199
6.25644077448126
6.25642294845059
6.25641079868301
6.25640418006674
6.2564029203305
6.25640682524733
6.25641568030975
6.25642925228856
6.2564472907895
6.25646952982939
6.25649584553592
6.25652618151554
6.25656038423918
6.25659827503703
6.25663966337305
6.25668435631872
6.25673216045048
6.25678288311244
6.25683633351239
6.25689232366877
6.25695123936509
6.25701342852398
6.2570786080836
6.25714647673207
6.25721674131768
6.25728912027979
6.25736334477944
6.25743915959057
6.25751632388454
6.2575946119267
6.25767246132826
6.25774837538176
6.25782232695806
6.25789435350558
6.25796450128839
6.25803282369479
6.25809938063343
6.25816423796212
6.25822746694216
6.25828914370866
6.25834852812895
6.25840485551337
6.25845818709438
6.25850861800244
6.25855624768012
6.25860118031488
6.25864352443056
6.25868339237494
6.25872089981285
6.25875616523671
6.25879158701563
6.25882962479525
6.25887042748492
6.25891404197098
6.25896050256265
6.25900983609854
6.25906206269872
6.25911719628726
6.25917524507057
6.25923621198144
6.25929966279268
6.25936519183941
6.25943287712907
6.25950281777538
6.25957510300628
6.2596498002111
6.25972695468393
6.25980659024961
6.25988871006666
6.25997329752577
6.2600591489388
6.26014486199991
6.26023007335062
6.26031450720314
6.26039792403027
6.26048010022321
6.26056082611982
6.26063990565276
6.26071715601892
6.26079240733367
6.26087032523606
6.26095579167539
6.26104887912577
6.26114944238311
6.26125730583905
6.26137227659295
6.26149414689714
6.26162269596908
6.26175769169888
6.26189889227898
6.26204402436143
6.26219078960956
6.26233896966155
6.26248842652616
6.2626390263421
6.26279063863368
6.2629431367737
6.2630963983922
6.26325030572567
6.26340474591522
6.2635558853467
6.26369977806056
6.26383624794069
6.26396529821197
6.26408696649301
6.26420131708591
6.26430843877779
6.26440844289424
6.26450146140017
6.26458764504451
6.2646658046804
6.26473476990821
6.26479480063728
6.26484622868278
6.26488939953806
6.26492466658843
6.26495238909655
6.26497293047003
6.26498665663814
6.26499393452397
6.26500034835522
6.2650116293091
6.2650282093359
6.26505026244231
6.26507793978815
6.26511140640933
6.2651508427278
6.26519644372557
6.26524841778702
6.26530698553341
6.26536865200516
6.26542977090739
6.26549043069731
6.26555090647571
6.26561149652826
6.26567249939559
6.2657342104809
6.26579692015642
6.26586091210515
6.26592646174236
6.26599537877438
6.26606912257551
6.26614719964814
6.26622906364392
6.26631419214098
6.26640208845783
6.26649228179777
6.26658432722788
6.26667780548666
6.26677232261607
6.2668670728302
6.26696113733472
6.26705395286257
6.26714502600226
6.26723391519813
6.26732022974428
6.2674036259541
6.26748380305701
6.26756049914903
6.26763348731191
6.26770303216089
6.26776975846582
6.2678341663395
6.26789672202971
6.26795784247266
6.26801789625089
6.26807720724044
6.26813605796166
6.26819469261066
6.26825331986745
6.26831451172801
6.26838090884108
6.26845272128727
6.26853001484335
6.26861281069125
6.26870109345222
6.26879481519611
6.26889389915251
6.26899824326658
6.26910772358681
6.26921901767971
6.26932849549953
6.26943553757599
6.2695396984839
6.26964060921193
6.26973796334696
6.26983150979546
6.26992104676093
6.2700064163141
6.27008749947526
6.27016470622218
6.27023846214645
6.270308693315
6.27037533349243
6.27043834019975
6.27049769260162
6.27055338830922
6.27060544049047
6.27065387532979
6.2706987298054
6.27073716954775
6.2707663595055
6.27078646113544
6.27079776588424
6.27080058134593
6.27079522759792
6.27078203514695
6.27076134306162
6.27073349724627
6.27069884882846
6.27065865463507
6.27061421791561
6.27056594886616
6.27051421569268
6.2704593802621
6.27040180271243
6.27034183951895
6.27027984123477
6.27021615036864
6.27015109947551
6.27008503054654
6.27001830165502
6.26995125527626
6.26988420387037
6.2698174345744
6.26975121082284
6.26968577316422
6.26962134006186
6.26955810872269
6.26949625595302
6.26943951807086
6.26939172130066
6.26935305510576
6.26932352629171
6.26930309768944
6.26929169677315
6.26928921876995
6.26929552946841
6.26931046793659
6.2693338491479
6.26936250577325
6.26939316838981
6.26942555050988
6.26945948600741
6.26949481697418
6.26953139017107
6.26956905729411
6.26960767532412
6.26964710682871
6.26968722021688
6.26973206559615
6.26978575554933
6.26984811583627
6.26991879129568
6.2699974122993
6.2700836026544
6.27017698230959
6.2702771697205
6.27038378401439
6.27049644695299
6.27060895954368
6.27071500640606
6.27081422961466
6.2709065577187
6.27099198357008
6.27107055539955
6.27114237271222
6.27120758201418
6.27126637226624
6.27131897010505
6.27136625955135
6.27140905646337
6.27144745397619
6.27148153928597
6.2715114173731
6.27153721008536
6.27155905472338
6.27157710244084
6.27159151645244
6.27160247008213
6.27161085919531
6.27161737167807
6.27162176863686
6.27162383877828
6.27162342704508
6.27162042955463
6.27161478540456
6.27160646852289
6.27159547996966
6.27158184087367
6.27156042022738
6.2715261045606
6.27147916940794
6.2714201073555
6.27134941920137
6.27126760293476
6.27117515085639
6.27107254733951
6.27096026697484
6.27083877312456
