0
3.00821235886512e-05
0.000115774905922442
0.000246731368524691
0.000412668892391377
0.00060572477766998
0.000819953491165562
0.00105077489812474
0.00129456880323124
0.00154838907916205
0.00180976345198301
0.00203244630134802
0.00217623307046187
0.00225275960747298
0.00227398572200376
0.0022489537522161
0.00218429567682766
0.00208494764926811
0.00195466594743785
0.0017963898619901
0.00161249572998743
0.00149343584227947
0.00151613590533459
0.00165277114396793
0.00187570765032871
0.00216373525231269
0.00250124769063088
0.00287652883580583
0.00328058460061085
0.00370633013769535
0.00414802233274094
0.00452213311279006
0.00475849872599177
0.00488183245776543
0.0049165656757955
0.00488072900289057
0.00478729889597627
0.0046456658093656
0.00446271432893547
0.0042435865938623
0.00399221886884535
0.00362089205381208
0.00305707333221013
0.00233742822740188
0.00149697654119848
0.000562514517152825
-0.000448492323824598
-0.00152283469733957
-0.00264741034564784
-0.0038115977343072
-0.00500652760592932
-0.00605687277109771
-0.00681656505633263
-0.00734223363421389
-0.00768892555044878
-0.00789722089265085
-0.0079963207132037
-0.00800734061818766
-0.00794573022921346
-0.00782298348906133
-0.00764784186381316
-0.00766684525724045
-0.0080856495315426
-0.0088207389078164
-0.00979019595015824
-0.010932389338571
-0.0122017233095777
-0.0135640440936433
-0.0149932630620654
-0.016468971911822
-0.0179747687774444
-0.0193565070657783
-0.0204855838514502
-0.0214044246329515
-0.0221552566531006
-0.0227686570853352
-0.0232659917630995
-0.0236620999321333
-0.0239672724551848
-0.0241886514340515
-0.0243312151432525
-0.024332448294344
-0.0238166043621587
-0.0225584531406079
-0.0207035723028395
-0.0183413674364413
-0.0155375919413232
-0.0123656515856234
-0.00889979266257327
-0.0052122454410444
-0.00137171761522461
0.00255043277317019
0.00649033611417708
0.0104016327736107
0.0142473691580116
0.0179980021736033
0.0216298027312745
0.0251235221911221
0.0284631946244131
0.031635141507887
0.034627211465454
0.0374070089643889
0.0399296704396136
0.0421633520249031
0.044084244584567
0.045674452484136
0.0469204968304629
0.047812261073169
0.0483422707019409
0.0485052270090078
0.0482977203397944
0.0477003123910544
0.046703885739648
0.0453277391537285
0.043590732932619
0.0415086768042312
0.039095100032927
0.0363622840449323
0.0333219891819543
0.0299859261355197
0.0263660571737733
0.0224008553678925
0.0180063816263005
0.0131601420407045
0.00785563321807738
0.00209676895194808
-0.00410417686090824
-0.010728152850274
-0.0177506830408595
-0.0251430290185621
-0.0328731851395137
-0.0408895930522584
-0.0491347988403026
-0.0575651022590699
-0.0661391460561818
-0.074817162049107
-0.0835608164902665
-0.0923330962174572
-0.101098187788674
-0.109821348488546
-0.118468774512026
-0.126838455425616
-0.134730735408374
-0.142134920264704
-0.149056930026964
-0.155497481678961
-0.161450955704438
-0.16690797534976
-0.171857430315279
-0.176287824635248
-0.180188215527797
-0.183682574464984
-0.186891461011019
-0.189790304145277
-0.192349847113401
-0.194546425412124
-0.196362120850087
-0.197784258417026
-0.198804919855935
-0.199420512074346
-0.199631384050639
-0.199234176445585
-0.198036376568844
-0.196072508531379
-0.193384615249873
-0.19001214018752
-0.185996222614839
-0.181380686830686
-0.176212395475852
-0.170541333900642
-0.164420489621641
-0.158137361251422
-0.151984756967758
-0.146010321011375
-0.14024059046786
-0.134697495165266
-0.129401352815476
-0.124371023166482
-0.119623822242048
-0.115175421118384
-0.11103976291496
-0.107271380417314
-0.103923529060517
-0.101002711146309
-0.0985099443652474
-0.0964437998669437
-0.0948009632961177
-0.0935762968265606
-0.0927628696371515
-0.0923519963222029
-0.0923332883687669
-0.0926766968651601
-0.093358111846532
-0.0943776201112095
-0.0957327232362039
-0.0974170368568662
-0.0994206180669577
-0.101730313173942
-0.104330103813952
-0.107201448585533
-0.110323617967928
-0.113813149832316
-0.117787217401366
-0.122214768987252
-0.127052251408044
-0.132253269225202
-0.13776985411546
-0.14355294273695
-0.149552781045502
-0.155719305714555
-0.162002506254263
-0.168218756199407
-0.174179461758915
-0.179835434877867
-0.185151018451461
-0.190095563954311
-0.19464259082442
-0.198769670549715
-0.202458349175317
-0.205694060029107
-0.208466022865412
-0.210668366831494
-0.212193653115649
-0.213039087559053
-0.213214386563729
-0.21273462078982
-0.211618880619478
-0.209889971843398
-0.207574168074292
-0.204700943914882
-0.201302683078535
-0.197386588504811
-0.192970667554821
-0.188112685787341
-0.182872851588573
-0.17731140102076
-0.17148839416471
-0.165463433997191
-0.159295361615503
-0.153041941037508
-0.146759539698752
-0.140641257082281
-0.134882442574595
-0.129531784607428
-0.124623419087659
-0.120185248589878
-0.116239105998093
-0.112800967125069
-0.109881205835463
-0.107484881831864
-0.105612056463142
-0.104265272014595
-0.103433584706937
-0.103086707944308
-0.103193568813437
-0.103723498192702
-0.104646227053758
-0.105931775631421
-0.107550376506871
-0.109472435448491
-0.111668524199953
-0.11412582507174
-0.116835147022194
-0.119772829776498
-0.122913067742277
-0.126229108675665
-0.129693579081075
-0.133278717405506
-0.136956591546214
-0.140699305783436
-0.144479197134363
-0.148378595895311
-0.152486038882544
-0.156778621437286
-0.161224251298998
-0.165788732045447
-0.170436642023089
-0.175131784627866
-0.179837582421491
-0.184517440685871
-0.189135083489013
-0.193489760343607
-0.197375656193751
-0.200759006137051
-0.20362125637805
-0.205949106350311
-0.207734048901366
-0.208972168360628
-0.209663944071064
-0.209814044065916
-0.209431106441834
-0.208406141207402
-0.206627416044734
-0.20411079657205
-0.200886395616744
-0.196990209195053
-0.192462739754959
-0.187348386664043
-0.181694899738576
-0.175552846936127
-0.168975093690834
-0.162080797093046
-0.154997052502293
-0.147789159049214
-0.140516785200566
-0.133237329383503
-0.126005875601781
-0.118874961061289
-0.111894350487039
-0.105110832021797
-0.09856803763008
-0.0923734273242159
-0.0866354460751628
-0.0813910282641105
-0.0766669741900864
-0.0724842250505735
-0.0688582969711272
-0.0657995287327037
-0.0633133346941924
-0.0614004723378776
-0.0600573220573605
-0.0589377380963641
-0.0576713526472771
-0.0562294317101361
-0.0546134979009943
-0.0528325180595595
-0.0509003032593722
-0.0488347857384456
-0.0466574602248607
-0.0443928674055878
-0.0420681086698895
-0.0401130598104485
-0.0389691052815237
-0.0386562261018914
-0.039157302081524
-0.0404476294352099
-0.0424992474993926
-0.0452813605719465
-0.0487604646161217
-0.0529004744642251
-0.0576628800454455
-0.0628367279595628
-0.0682193648241636
-0.0737979608436209
-0.0795685864299478
-0.0855241586195123
-0.0916541621044395
-0.0979450726458927
-0.104380800593769
-0.110943106726675
-0.117611988605999
-0.124506619729789
-0.131750043307262
-0.139317733651827
-0.147171451854459
-0.15526936591014
-0.163567315030829
-0.172019485997128
-0.180578995615258
-0.189198417529138
-0.197830258600851
-0.20638887001616
-0.214775343432131
-0.222920998302385
-0.230766042555622
-0.238257704989568
-0.245349860496175
-0.252002790411723
-0.258182947122949
-0.263862711715135
-0.269020142717463
-0.273621915951684
-0.277646123850497
-0.281099102115553
-0.283990957484699
-0.286333904200552
-0.288142153539735
-0.289431874714189
-0.290221137780078
-0.290529834823331
-0.29037958130661
-0.289709012806587
-0.288463059698689
-0.286682256937133
-0.284412495382948
-0.281699565559578
-0.278589349408241
-0.275127809566599
-0.271360911886427
-0.267334507221022
-0.263094181113024
-0.258740763344594
-0.254370767387744
-0.250016911779343
-0.245707319031048
-0.241469143000279
-0.237328584408069
-0.233310707484646
-0.22943926282397
-0.225736529620651
-0.222223178158977
-0.218848845597882
-0.215558216539908
-0.212365389018189
-0.209288768957275
-0.206346668769852
-0.203556822555002
-0.200936183492221
-0.198500758753178
-0.196265465472912
-0.194244006179105
-0.192722858150936
-0.191989657286296
-0.192038698593264
-0.192838834666335
-0.194352976550753
-0.196541202075614
-0.199361271370466
-0.202768927501404
-0.206718174061023
-0.211161552458146
-0.215776918591771
-0.220234411061244
-0.224490057272084
-0.228522642081656
-0.232315792703874
-0.235856306235752
-0.239133935624499
-0.242141270447183
-0.244873618760934
-0.247328883171143
-0.249702778268995
-0.252206532125154
-0.254856521546501
-0.257652642388314
-0.260590140231125
-0.263660559092734
-0.266852252795276
-0.270150844991532
-0.273539660657837
-0.277000131218705
-0.280425985938607
-0.28370278413316
-0.286801463129057
-0.289701511826414
-0.292385673658013
-0.294839415039117
-0.297050803144741
-0.299010409407931
-0.300711211783991
-0.302148493580074
-0.30343473599503
-0.304696705345625
-0.305951012769021
-0.307203970570785
-0.308458072256557
-0.309712272591775
-0.31096246988342
-0.312201968215403
-0.313421903230586
-0.314611636221897
-0.315669357040862
-0.31648391498901
-0.3170326811786
-0.317302892178092
-0.31728597871158
-0.316976848939529
-0.316373624288536
-0.315477411109398
-0.314292078277881
-0.312824038084875
-0.310891832545422
-0.308306187977208
-0.305074636750207
-0.301224572613636
-0.296790164630694
-0.291810064291051
-0.286326708962705
-0.280385769930095
-0.27403563153467
-0.267326889222716
-0.260483660774432
-0.253736987025229
-0.247138776186493
-0.240724151709834
-0.234523724669402
-0.228565772557067
-0.222876383142921
-0.217479426584278
-0.212396517097495
-0.207646987092383
-0.203344418166651
-0.199613585052423
-0.196485541013553
-0.193977502549917
-0.192098827807333
-0.19085210572573
-0.190233757267394
-0.190234582809859
-0.190840285793015
-0.192031974133219
-0.193596205849762
-0.195310642277481
-0.197149658583335
-0.199101959903029
-0.201157590967881
-0.203307024043475
-0.205541099487931
-0.207851024323233
-0.21022837510987
-0.212665101246831
-0.215404893118392
-0.218706631066928
-0.222573067063547
-0.226982769715799
-0.231906585379365
-0.2373092946283
-0.243150607119262
-0.249386051827112
-0.255967797900864
-0.262845410649099
-0.269739784854368
-0.27635788198604
-0.282638085602108
-0.288540604805817
-0.294032648978582
-0.299087170409897
-0.303682498067081
-0.307802040921779
-0.311434006239079
-0.314571128021451
-0.317390282769402
-0.320083826025809
-0.322665373064144
-0.325134802230058
-0.327489511410389
-0.329725067697972
-0.33183559636493
-0.333814121498269
-0.335652870273838
-0.337343545737523
-0.338695471140604
-0.339504805208202
-0.339751680227889
-0.339435332588271
-0.33856207460588
-0.337143755625804
-0.335197186174401
-0.33274364412068
-0.329808399383227
-0.326420252052232
-0.322603186632866
-0.318382845663955
-0.313794552777232
-0.308876187515377
-0.303667393675459
-0.298209143637249
-0.29254335088407
-0.286712503770197
-0.280759319176501
-0.27472641642587
-0.268858104137915
-0.263421929968648
-0.258490238732416
-0.25411323821056
-0.250329882944168
-0.24716797031222
-0.244644860964668
-0.242768279460214
-0.241537138923846
-0.240942380547157
-0.240754532204964
-0.240720906522212
-0.240798148668798
-0.240961545589731
-0.241190787780231
-0.241468690081946
-0.241780823134213
-0.242115230918939
-0.242462177045044
-0.242813913479378
-0.243341578500852
-0.244213355915189
-0.245403637141292
-0.246873276627419
-0.248583714970303
-0.250498880333096
-0.252585101007743
-0.254810895250813
-0.257146791679692
-0.259565189540402
-0.262085517915864
-0.264727638066955
-0.267463001093549
-0.270260866330625
-0.273092042153825
-0.275929376922436
-0.278747711405245
-0.281523802169814
-0.284236256399856
-0.286865479081175
-0.289509649517682
-0.292291517081958
-0.295230826787205
-0.298332499284606
-0.301593912479853
-0.305006139149016
-0.308554906259052
-0.312221454728741
-0.315983315586622
-0.319815010928849
-0.323509992022455
-0.32684521975469
-0.329775904055393
-0.332276305461858
-0.334327486220263
-0.335915783428079
-0.337032383150784
-0.337672989088129
-0.337837507721068
-0.337529741824945
-0.336805444699926
-0.335724509788885
-0.334298728687819
-0.332538431384843
-0.330455594262407
-0.328064004402149
-0.32537908133801
-0.322417674665982
-0.319197863940751
-0.315738763903632
-0.312028160170726
-0.308066300223662
-0.303898627250424
-0.299569620281445
-0.295120258627978
-0.290588454361479
-0.286009281044978
-0.281415140569136
-0.276835893994096
-0.272298964640187
-0.267715892855177
-0.262976555924745
-0.258073384368263
-0.253011608300179
-0.247801574725929
-0.242456940050574
-0.236994026834016
-0.231431338314252
-0.225789131982268
-0.220089035064309
-0.214229928370868
-0.208128404904526
-0.201850254773668
-0.195467492638752
-0.189048490506023
-0.182658159776965
-0.176357862987308
-0.170205276924208
-0.164254253697761
-0.158554687728257
-0.153321648572386
-0.148761127986114
-0.14488693134164
-0.141693916268792
-0.139172475849858
-0.137310292270257
-0.136092600727425
-0.13550232498013
-0.135520205952872
-0.1361249352641
-0.137120235948605
-0.138293296863125
-0.139603999266868
-0.141030711060753
-0.142556815213212
-0.144168959178089
-0.145856596154483
-0.147611662188834
-0.149428291426075
-0.15130255729413
-0.153328106468392
-0.155603084748648
-0.158125787887241
-0.160886015186677
-0.163872656482078
-0.167074463365294
-0.170480104505733
-0.174078170022759
-0.177857178313364
-0.181805588691966
-0.186179561411127
-0.19126371854629
-0.197077253958763
-0.20360555253009
-0.210820687431676
-0.218684459273649
-0.227150315359659
-0.236164983826936
-0.245669899260861
-0.255602446607724
-0.265632650263621
-0.275412459019369
-0.284865502047927
-0.29394421008412
-0.302608662033025
-0.310824550711246
-0.318562650933123
-0.325798453674392
-0.332511861524264
-0.338686932041551
-0.344392492748768
-0.349704631595555
-0.354618834311613
-0.359126142957395
-0.363219270918893
-0.366892961410307
-0.370144019039317
-0.37297131033469
-0.375375751354913
-0.377360283336452
-0.379052211756263
-0.380595673487284
-0.382018425620894
-0.38333600103239
-0.384559259221837
-0.385694790321126
-0.386745572399957
-0.387711575534799
-0.388590289756112
-0.389377191615511
-0.389906260500229
-0.389999007696346
-0.389637541932722
-0.388819232165629
-0.387546654852491
-0.385827007279414
-0.383671705701299
-0.381096000089569
-0.378118601339756
-0.374761317515932
-0.371255915864962
-0.367840653107336
-0.364537461218992
-0.36135226766888
-0.358288685158123
-0.355349191851087
-0.35253524575272
-0.349847325457028
-0.347284969874126
-0.344846821919099
-0.342448611115032
-0.340011967136333
-0.337550953092955
-0.335082113326954
-0.33261933882139
-0.330174480790127
-0.327757545965946
-0.325376846165916
-0.323039138766867
-0.320749756474858
-0.318402852662816
-0.315879713266568
-0.313168154767527
-0.310267399174558
-0.307180942129676
-0.303915571526248
-0.30048092940845
-0.296889134157965
-0.293154426887126
-0.289292838280512
-0.285403983256411
-0.281597328412044
-0.277903256238032
-0.274344435678782
-0.270940504280844
-0.267708192670009
-0.264661448418791
-0.261811565131341
-0.259167312523182
-0.25673506844456
-0.25440883460214
-0.252066082832937
-0.249687920153004
-0.247267077630431
-0.244800540766735
-0.242288188913266
-0.239732340062816
-0.237137405740311
-0.234509584160125
-0.231856580762057
-0.229250253944382
-0.226771090996718
-0.224439640690742
-0.222269889934655
-0.220273294493069
-0.21845925007786
-0.216835232208492
-0.215406907311563
-0.214178238979572
-0.21315159157062
-0.212158439255987
-0.211030911900639
-0.209784143108303
-0.208445393655356
-0.207041499871805
-0.205598617759587
-0.204142134125184
-0.202696573768855
-0.201285508604459
-0.199931468962514
-0.19890087331914
-0.198468214578793
-0.198651042935517
-0.199442164912485
-0.200826970366143
-0.20278476228769
-0.205289585597638
-0.208310981052442
-0.21181468181577
-0.215763255967836
-0.220141726043992
-0.224920466060966
-0.230030555218498
-0.23540433091907
-0.240978270341136
-0.246692930579827
-0.252492656936834
-0.258325351696815
-0.264142304646224
-0.269898069389122
-0.275279690570014
-0.279973017803345
-0.283954405026111
-0.287226358847476
-0.289797347069878
-0.291680435718875
-0.292892961256304
-0.293456266174365
-0.29339543231956
-0.292739005042868
-0.291593788654899
-0.290083410352411
-0.288265708817012
-0.286190843426198
-0.283905639059054
-0.281453739373051
-0.278875893551808
-0.276210178730991
-0.273492156291834
-0.270754980410209
-0.268063685986648
-0.265474408277946
-0.262998721259942
-0.260645385631319
-0.258422736899712
-0.256338635662762
-0.254400366985791
-0.252614551835523
-0.250987072450451
-0.249523011238616
-0.247997300638814
-0.2461776184241
-0.244070388575918
-0.241700185055019
-0.239095047403981
-0.236285937273743
-0.233306260321601
-0.230191404567109
-0.226978303580717
-0.223705020355727
-0.220774756605446
-0.218601083952102
-0.217216650118385
-0.216622126905212
-0.21680856086228
-0.21775891374054
-0.219448968060678
-0.221848175240563
-0.224920468783184
-0.228625037068754
-0.233074017122415
-0.238383258794114
-0.244503618053699
-0.251368841913939
-0.258906755753169
-0.267041010836591
-0.275692167088641
-0.284778622580126
-0.294217440211272
-0.303925088548698
-0.313532312612435
-0.322655426636985
-0.33120532492508
-0.339122340844982
-0.346357304597636
-0.3528697352242
-0.358627390743347
-0.36360590407653
-0.367788420619363
-0.371165231515346
-0.373796624506248
-0.375750686414167
-0.377035092490433
-0.377657744077222
-0.377630604750525
-0.37696978334339
-0.375695243391399
-0.373830481435675
-0.371402199931074
-0.368439977952073
-0.364897252202904
-0.360731997189857
-0.355990405345341
-0.350725798147532
-0.344993044314857
-0.338848024826764
-0.332347279664478
-0.325547660734887
-0.318505984918103
-0.311278690302409
-0.303847216349562
-0.296177429757433
-0.288299932875347
-0.280252731187788
-0.272076504144407
-0.263813333860324
-0.25550617628331
-0.247198436768467
-0.238933593482473
-0.230754858575045
-0.222601952898305
-0.21442349766806
-0.206286825301466
-0.198264915925658
-0.190428229340796
-0.182843818071682
-0.175575074416375
-0.168681533858723
-0.162218693931021
-0.156237846558822
-0.151015010816137
-0.146826137089169
-0.143700183355657
-0.141640243278643
-0.140639691969497
-0.140684420084574
-0.141753509505046
-0.143819777866561
-0.146850300270893
-0.150806918908612
-0.155869909367089
-0.162229077078639
-0.169842608173599
-0.178642424119537
-0.188550144291506
-0.199479719727048
-0.211338932068458
-0.224030678734896
-0.237454132743386
-0.251505804091935
-0.265903778927942
-0.280374919421693
-0.294844498739488
-0.309250227470964
-0.323529401418226
-0.337618415207352
-0.351453385686727
-0.364970801737036
-0.37810810256937
-0.39080418717769
-0.402996929903724
-0.414612252569254
-0.425570386609935
-0.435800907890691
-0.445243163018001
-0.453845930816822
-0.461567054067848
-0.468373082166409
-0.474238924712582
-0.479147512291477
-0.483211599698432
-0.486551009491587
-0.489161508558072
-0.491035968513596
-0.492172556482943
-0.49257520011433
-0.492253236411874
-0.491221004746623
-0.48949743737687
-0.487105652314866
-0.483834796083045
-0.479469402863625
-0.474044620487696
-0.467619313720035
-0.460259388708691
-0.452035417470135
-0.443021796855062
-0.433296038622374
-0.422938087921606
-0.412029663535937
-0.400687654809333
-0.389047057929746
-0.377222589289605
-0.365322235093852
-0.353448309797312
-0.341697268715058
-0.330159518138515
-0.318919213378573
-0.308054058263489
-0.297635120993835
-0.287703845435923
-0.278289544964972
-0.269434772052604
-0.261178861799782
-0.253556397816136
-0.246597076561873
-0.240325677354459
-0.234762080520141
-0.22992132723843
-0.225813717377021
-0.222599357983504
-0.220436380276682
-0.219314489845961
-0.219205267307692
-0.220073841482296
-0.221880432559259
-0.224581006317559
-0.228127830892437
-0.232469996991016
-0.237553909582291
-0.243205584365742
-0.249247703758529
-0.255627556738906
-0.262301942976659
-0.2692287181983
-0.276366420344235
-0.283674415319911
-0.291113066120339
-0.298643890840974
-0.306229707071327
-0.31368613370984
-0.320815776710688
-0.327569644025135
-0.333916789022754
-0.339834326709816
-0.345306153527667
-0.350322390840522
-0.354878899871259
-0.358976822449926
-0.362622142842805
-0.366008893050738
-0.369338547105834
-0.372621712562452
-0.375855732025791
-0.37903783205428
-0.382166426329637
-0.385241110957611
-0.388262563835285
-0.391232441115663
-0.394153278456995
-0.397104522531527
-0.400183103277425
-0.40341949874272
-0.406833392957074
-0.410438290489136
-0.414242384408623
-0.418249198255394
-0.422458160969283
-0.426865130233517
-0.43146287027973
-0.436246759068152
-0.441212011077621
-0.446347950394296
-0.451641056113894
-0.457075689928443
-0.462634492411923
-0.468298734731888
-0.474048638911261
-0.479863669847501
-0.485722801508825
-0.491526482073311
-0.497166383790634
-0.502610918615358
-0.507838241846692
-0.512831102058522
-0.517576135979023
-0.522063564088852
-0.526286930927035
-0.530242861958319
-0.533930832664582
-0.537381085594465
-0.540631199116143
-0.543695199591768
-0.546585462092227
-0.549314120876814
-0.551893174695755
-0.554334531733668
-0.55665003727834
-0.558851488207714
-0.560950636368306
-0.562759036901978
-0.564079474092982
-0.564921258741788
-0.56531170140095
-0.565282898979338
-0.56487046953977
-0.564112977345909
-0.563051420963495
-0.561728744045117
-0.560189366729829
-0.558557589486715
-0.556960389325248
-0.555442170377576
-0.554040023580584
-0.552788810375566
-0.55172154331104
-0.550869274197041
-0.550260963971401
-0.549923370518624
-0.549880957353251
-0.550135213606847
-0.550686978921167
-0.551558324102974
-0.552770052439797
-0.554340176115055
-0.556283816906366
-0.558613244336471
-0.561337936482515
-0.564464654100429
-0.567997526346376
-0.572094207478684
-0.576915817509523
-0.582458811578168
-0.588702799727457
-0.595621652948622
-0.603185140828435
-0.611359490317623
-0.620107838399789
-0.629390656150459
-0.639166152679705
-0.649415946924822
-0.660124996328022
-0.671253951008697
-0.682758633932024
-0.694591994217092
-0.706704761203882
-0.719045998350129
-0.73156361492246
-0.744204841794074
-0.756916674685327
-0.769555081624648
-0.781972583373964
-0.794116669607376
-0.805944475960161
-0.817417386687589
-0.828500886549121
-0.839164605619594
-0.849382360520903
-0.859132178195203
-0.868396298560307
-0.877187034690287
-0.885523878299207
-0.893405521263361
-0.900831912886714
-0.907805633945515
-0.914331938178626
-0.920418653879384
-0.926076062978058
-0.931316766716786
-0.936155539924209
-0.940590640605635
-0.944621699978729
-0.94826938179263
-0.951557429874614
-0.954511340421541
-0.957158028101451
-0.959525592423269
-0.961643092740627
-0.963540327131498
-0.965247615750527
-0.966850408578239
-0.96843946774573
-0.97005177984983
-0.971718754790201
-0.973469358096012
-0.97533049618319
-0.97732701372904
-0.979481666508121
-0.981815091952988
-0.984345779797928
-0.987040301960332
-0.989863888647787
-0.992833427239715
-0.995967450445606
-0.999282985074287
-1.00279504953693
-1.00651659860284
-1.01045848664112
-1.01462942725433
-1.0190359470987
-1.02367452798847
-1.02853443860735
-1.03360606796131
-1.03887849030807
-1.04433932182723
-1.04997466955329
-1.05576911287482
-1.06170570134521
-1.06776596940306
-1.07392996913214
-1.08030255761686
-1.08697722164552
-1.09390417041318
-1.10102581902776
-1.10828259246948
-1.11561389149822
-1.12295854719937
-1.13025530383071
-1.13744334442238
-1.1444628568518
-1.15118170549115
-1.15745027740848
-1.16318180638125
-1.16830331700508
-1.17275491382683
-1.17649022711588
-1.17947658067658
-1.18169483234892
-1.18313889626757
-1.1838149912975
-1.18378904046292
-1.18316261901022
-1.18201766443662
-1.18043377673087
-1.17848885891351
-1.17625895630938
-1.17381805097288
-1.17123781704361
-1.16858733434199
-1.16593275915284
-1.1631359011156
-1.16004263163758
-1.15669374739388
-1.15313931198847
-1.1494316637096
-1.14562492490804
-1.14177437829035
-1.13793583311356
-1.13416498944465
-1.13051679815089
-1.12724207152595
-1.1246077636661
-1.12268950769907
-1.1215459076303
-1.12122204955201
-1.12174748558816
-1.12313549324123
-1.12538288750313
-1.12847038880457
-1.13236350856094
-1.13675713979826
-1.14129651485575
-1.14585348219697
-1.15031946423624
-1.1545985812418
-1.15860755256756
-1.16227581300889
-1.16554549780366
-1.168371260081
-1.17071991332634
-1.17260302624407
-1.17407136210716
-1.17517549907615
-1.17596457835999
-1.17648604239661
-1.17678551928757
-1.1769067121535
-1.17689127521569
-1.17677867899538
-1.17660606826119
-1.17659722825678
-1.17698121498964
-1.17779206389378
-1.17904604203051
-1.18074916168038
-1.18289773834976
-1.18547890610504
-1.18847129358677
-1.19184582238131
-1.19556659303481
-1.19959688551838
-1.20388499559836
-1.20836107037781
-1.21295472815939
-1.21759659994335
-1.22221912092385
-1.22675718836589
-1.23114876116002
-1.23533540699538
-1.23926279800879
-1.24271607143739
-1.24548461982556
-1.24753682787402
-1.24885912962431
-1.24944887675699
-1.24931311244644
-1.24846773251974
-1.24693664584319
-1.24475093638943
-1.24194804047944
-1.23863490895476
-1.23491513736618
-1.23082176286422
-1.22638926855888
-1.22165614410634
-1.21666432245017
-1.21145850605756
-1.20608550375398
-1.20059358408345
-1.19503184706849
-1.18932797166497
-1.18341814942755
-1.17737412432986
-1.17127210123517
-1.16518618432107
-1.15918763358226
-1.15334417664131
-1.1477193498666
-1.14237189440987
-1.13735522534092
-1.13285783237273
-1.12905553641273
-1.12596261071179
-1.12357822622611
-1.12189392808879
-1.12089460923878
-1.12055922258941
-1.12086148355617
-1.1217705536529
-1.12325169517334
-1.12534383320982
-1.12809986766846
-1.13150317425516
-1.13552394842994
-1.14012332306233
-1.14525508484988
-1.15086692356981
-1.15690158873677
-1.16329796674037
-1.16999208130813
-1.17689648334723
-1.18389075256635
-1.19084982691953
-1.19766134623951
-1.20422625261426
-1.21045868816563
-1.21628579561214
-1.22164739221437
-1.22649550380181
-1.23079376502298
-1.23446505885185
-1.23748369121828
-1.2399224997859
-1.2418515376998
-1.24333377814577
-1.24442572228083
-1.24517819492202
-1.24563692712086
-1.24584298596649
-1.24583310365479
-1.24560282306553
-1.24510794577877
-1.24430946882317
-1.2431799164444
-1.24170273282785
-1.23987133676637
-1.23768814882716
-1.23516361763747
-1.23231525907471
-1.22916671949138
-1.22577997376409
-1.22224136249546
-1.21862269463067
-1.21498943091379
-1.21140105493874
-1.20791093982257
-1.20456626418098
-1.20140799325191
-1.19847093301892
-1.19578386007786
-1.19337710064202
-1.19125893354889
-1.1894106300833
-1.18781382520923
-1.18645177110632
-1.1853092806313
-1.18437258885986
-1.18362921125344
-1.18306780477398
-1.18267803420241
-1.18241609326128
-1.18222959835213
-1.18209548256159
-1.1819972607783
-1.18192333451176
-1.1818663595996
-1.1818227046456
-1.18179193822883
-1.18177634324739
-1.18178045985082
-1.18174611834465
-1.18161826488431
-1.18141300057276
-1.18115172256847
-1.1808572410915
-1.18055304240979
-1.18026282692396
-1.18001010368389
-1.17981782856335
-1.17970808376771
-1.17981362065042
-1.18026980292668
-1.18109481931616
-1.18229479593124
-1.18386968638042
-1.18581418733605
-1.18811827860576
-1.19076774744491
-1.19374470362216
-1.19702807976835
-1.20056358477562
-1.20427991073823
-1.20812371681788
-1.21204759460275
-1.2160093146676
-1.21997155311059
-1.22390164039754
-1.22777130687583
-1.23155642452777
-1.23523674635536
-1.23886589415094
-1.2425156395484
-1.24619879371939
-1.2499203705066
-1.25368068626074
-1.25747614666362
-1.26129979674146
-1.2651418362781
-1.26899010930215
-1.27283056806467
-1.27658933375652
-1.28017163628215
-1.28352726379082
-1.28661734555371
-1.28941228080802
-1.29189098756035
-1.29404020075565
-1.29585376111438
-1.29733190369999
-1.29848055760715
-1.29947226067145
-1.30049382198449
-1.30157301611175
-1.30272527777831
-1.30396071444539
-1.30528474558369
-1.3066986073899
-1.30819986429797
-1.30978291651357
-1.31143949467784
-1.3129979776037
-1.31428833042642
-1.31531256076567
-1.31608277411093
-1.31661374437024
-1.3169221603487
-1.31702628515106
-1.31694564153612
-1.31670070975643
-1.31631263823375
-1.31572319454346
-1.31487176068075
-1.31378009514415
-1.31247672500828
-1.31099291669558
-1.30936184890693
-1.30761797553401
-1.30579643563578
-1.30393250538611
-1.30206109232376
-1.30029262451223
-1.29874949196315
-1.29748263859393
-1.29653046643858
-1.29592177726876
-1.29567638836886
-1.29580582732674
-1.29631410953533
-1.29719855783035
-1.29845063033187
-1.30005450908378
-1.30197055064033
-1.30414155196692
-1.30651464131162
-1.30904209767925
-1.31168114311812
-1.31439365920847
-1.31714589694231
-1.31990818511965
-1.32265463954172
-1.32543453929334
-1.32834077141548
-1.33142649872309
-1.33472645170732
-1.338259657082
-1.34203138548069
-1.34603488717835
-1.35025307666504
-1.35466016135269
-1.35922319463779
-1.36391614098148
-1.36869441913495
-1.37348538181263
-1.37821895695523
-1.38282941719883
-1.38725580743482
-1.39144221077779
-1.39533795084912
-1.39889773584427
-1.40208174532526
-1.4047862962285
-1.40688863918239
-1.40832493354861
-1.40905199327446
-1.40904400462082
-1.40829053112261
-1.40679458519222
-1.40457079019539
-1.40164367834426
-1.39804614470086
-1.3937784692556
-1.38885692618698
-1.383353155253
-1.37734189050349
-1.37089783406907
-1.36409495986875
-1.35700583851923
-1.34970098963994
-1.34224828149125
-1.33471239491428
-1.3272244488084
-1.3199057958441
-1.3127941091557
-1.30591927647567
-1.29930716346647
-1.29297989883154
-1.28695610290581
-1.28125110630288
-1.2758771560883
-1.27084360820616
-1.26619982383026
-1.26199670528047
-1.25824063383509
-1.25493072018035
-1.25206124287356
-1.24962234032018
-1.2476005403627
-1.24597923835089
-1.24473913359765
-1.24385862969675
-1.24328040663259
-1.24293719745811
-1.24278953523828
-1.2428029611411
-1.24294664936161
-1.24319305926384
-1.24351765142482
-1.24389862441142
-1.24431666868243
-1.2447547370063
-1.24500682012094
-1.24488388575005
-1.24441389854789
-1.24363577307819
-1.24258902140463
-1.2413125176112
-1.23984406089286
-1.23822003361525
-1.23647511143671
-1.23464201819569
-1.2329431235069
-1.23160543366587
-1.23065525554356
-1.23009815357995
-1.22992878423262
-1.23013286683395
-1.23068870691497
-1.23156858134431
-1.23273998128075
-1.23416671557755
-1.23586561089379
-1.23784548327843
-1.24004973956566
-1.24241920807298
-1.24489574305694
-1.24742295419208
-1.24994667543435
-1.252415368119
-1.25478047008784
-1.25699669179844
-1.25886348411329
-1.26017803290043
-1.26090536762693
-1.26103031163488
-1.26054947568151
-1.25946925090481
-1.2578042048261
-1.25557569060508
-1.25281063636245
-1.24954049115688
-1.24586087884925
-1.24189149719857
-1.23770714688778
-1.23337103207707
-1.22893707566911
-1.22445056018577
-1.21994882761842
-1.21546202059079
-1.21101384589665
-1.20662233904618
-1.20237834511186
-1.19835669026075
-1.19453622276392
-1.19089136894156
-1.18739706299963
-1.18402925424792
-1.18076511214838
-1.17758316786749
-1.17446341503868
-1.17138737817381
-1.16829049400206
-1.1651171273775
-1.16187001794488
-1.15855448440977
-1.15517569892338
-1.15173857445139
-1.14824781171728
-1.14470794450329
-1.14112337662464
-1.13749841123939
-1.13375226382204
-1.12977766582624
-1.12553635375163
-1.12100766814231
-1.11618414798831
-1.11106945958993
-1.10567655567681
-1.10002600006049
-1.09414445944818
-1.08806336115698
-1.0819479075359
-1.07596917001063
-1.07016357455509
-1.06455638892704
-1.05916847705614
-1.05401693367083
-1.04911539072304
-1.04447428867586
-1.04010112760643
-1.03600069993921
-1.03198264213597
-1.02786614768438
-1.02368340879155
-1.01947576748861
-1.01528294081927
-1.01114204606462
-1.0070873540356
-1.00315013249982
-0.999358541465661
-0.995737573728968
-0.992432539329759
-0.989581920422272
-0.987186350211763
-0.985234785864937
-0.983711729981988
-0.982598255954142
-0.981872572188851
-0.981510510901835
-0.981485969327763
-0.981771311447391
-0.98258449202976
-0.984148741359954
-0.986428698896702
-0.989365716318535
-0.99289221746423
-0.996934680081442
-1.0014151933464
-1.00625275819054
-1.01136445052284
-1.01666649766352
-1.02178802375017
-1.0263494291266
-1.03026914316084
-1.03349607016803
-1.03599861019426
-1.03776219072492
-1.03878608557252
-1.03908069417396
-1.03866528927618
-1.03756618366714
-1.03582571771402
-1.03349723141649
-1.03063153811823
-1.02727825273961
-1.02348572660419
-1.01930088632146
-1.01476908714619
-1.00993398787563
-1.00483744951241
-0.999519458531352
-0.994057085704396
-0.988512380795694
-0.982893216574365
-0.97720780435084
-0.971467097886354
-0.965684437824735
-0.959875070360135
-0.954055705052072
-0.948244116826244
-0.942458788486542
-0.936648766921686
-0.930769099852936
-0.92485406218591
-0.918940860946156
-0.913065291456104
-0.907261282820623
-0.90156070159361
-0.895993206497673
-0.890586139589522
-0.885364449491089
-0.880458068324682
-0.876007586726651
-0.872046769198491
-0.868592261229026
-0.865650024534347
-0.863217178831498
-0.861283388105422
-0.859832072807662
-0.858841470468835
-0.858285562006527
-0.858115866632558
-0.858276875466551
-0.858727573180047
-0.859428424422846
-0.860340927935798
-0.861427741235698
-0.862652819521467
-0.863981542011946
-0.86538082371912
-0.866819212102784
-0.868333710023589
-0.869962430411487
-0.871673650396722
-0.873432282680258
-0.875203660836727
-0.876954087766792
-0.878651157970175
-0.88026402514451
-0.881763626352441
-0.883122865311617
-0.884166451956208
-0.884723001514513
-0.884785321029585
-0.884360944943964
-0.883463540922614
-0.882111426319692
-0.880326614113862
-0.878134028461024
-0.875560839062865
-0.87263589054245
-0.869461873436783
-0.866155598955803
-0.862767227938629
-0.859335062711292
-0.855889471684203
-0.852453926582774
-0.849045938496049
-0.84567793629727
-0.842358074907901
-0.839090966259841
-0.835872081833082
-0.832667533390714
-0.829426815515663
-0.826110373209695
-0.822689444161032
-0.81914466845109
-0.815464788077631
-0.811645471350179
-0.807688248079767
-0.803599546603438
-0.799360355565798
-0.79496230316007
-0.790437061636181
-0.785817641292535
-0.781136045806063
-0.776422952958203
-0.771707546921967
-0.767017389947022
-0.762378323549099
-0.757814395391702
-0.753334583191479
-0.748950218434748
-0.744688071325045
-0.740571993690974
-0.736622251696078
-0.732855737854545
-0.729286219299698
-0.725924576102454
-0.722779026789983
-0.719855340815005
-0.717210491012458
-0.714909248612646
-0.712965476707772
-0.71138294421124
-0.710158560146868
-0.709283548611881
-0.708744374696082
-0.708523562706581
-0.708600423012935
-0.708951697988244
-0.709637742657518
-0.710677755947373
-0.711967069774802
-0.713410546123663
-0.714927149071522
-0.716448351585129
-0.717917038997223
-0.719286483184085
-0.720519328355341
-0.72158658415501
-0.722316321242205
-0.722571446127422
-0.722403533471744
-0.721869163392758
-0.721020391979306
-0.719904535319509
-0.718564510187171
-0.71703913720848
-0.715363406181232
-0.713568720005258
-0.711720579710095
-0.709869297513057
-0.708012530203023
-0.70614717377226
-0.704271860459018
-0.70238682176463
-0.700493620701624
-0.698594903804379
-0.696694179387229
-0.694795620188349
-0.692874910407144
-0.690905933355772
-0.688892217842177
-0.686841002491424
-0.684761299679082
-0.68266337896063
-0.680558386204148
-0.678458016119965
-0.676374228701196
-0.674319005097418
-0.672427699258686
-0.670834922462482
-0.669542254117858
-0.668540255725624
-0.66781582993288
-0.667353213386575
-0.667134526882794
-0.667140237661325
-0.667349564052346
-0.667740832757221
-0.668084852038916
-0.668163069001549
-0.667986564257413
-0.667579451810758
-0.666967161993091
-0.666175283327999
-0.665229144476025
-0.664153509344643
-0.662972333855864
-0.661708571008122
-0.660385296958998
-0.659029369251879
-0.657668930017422
-0.656328368502417
-0.655028366809934
-0.653786188415305
-0.652615969937007
-0.651529003141072
-0.650534005301724
-0.649637376505677
-0.648892786258598
-0.648315999670407
-0.647839553183835
-0.647405906628288
-0.646970483861294
-0.646500048723462
-0.645971136183215
-0.645368638817027
-0.644684522784487
-0.64391666092211
-0.643246017435236
-0.642890026626845
-0.642904791802719
-0.64331996031664
-0.644148642098623
-0.645390248567565
-0.6470328015672
-0.649055015634517
-0.651428136927422
-0.654117542302243
-0.656925122623586
-0.659655638921216
-0.662286292199098
-0.664803662390796
-0.667195042907184
-0.669448049716042
-0.671550792493827
-0.673492043952645
-0.675261380712658
-0.676849297488156
-0.67817367180009
-0.679149967594336
-0.6797705981744
-0.680036765718945
-0.679954094076253
-0.679531752470653
-0.678781855925144
-0.677718948734392
-0.67635955043045
-0.674721755159794
-0.672970836591906
-0.671283951386907
-0.669691867388277
-0.668209306634432
-0.666843273767845
-0.665594582755362
-0.664459076976746
-0.663428700123617
-0.662492422125322
-0.661637029900728
-0.660903040387199
-0.660318301707731
-0.6598412878791
-0.659430218814019
-0.659047067458941
-0.658657618191124
-0.658231312709767
-0.657741088516617
-0.657163218747941
-0.656477151756424
-0.655550644449722
-0.654235211331602
-0.652492522106138
-0.650304904168368
-0.647668242622915
-0.644589449151526
-0.641084350983183
-0.63717587629625
-0.632892511302471
-0.628267000970338
-0.623487557714463
-0.618770531851465
-0.614191879466398
-0.609805363655873
-0.605650911509086
-0.601756557614372
-0.598140278529376
-0.594811684668351
-0.591773519092252
-0.589022950244412
-0.586424583093286
-0.583818216543695
-0.581160786921374
-0.578426622122474
-0.57560012253763
-0.572673969746282
-0.569647689736011
-0.566526391417265
-0.563319656713205
-0.560040571081788
-0.556717296406731
-0.553396879478323
-0.550128035737746
-0.546952006597296
-0.543902807702939
-0.541008008097727
-0.538289464535414
-0.53576398485244
-0.533443925073243
-0.531337725018814
-0.529503962426518
-0.527932025173824
-0.526492421920243
-0.525063874796477
-0.523536493718391
-0.521810734634148
-0.519796257300841
-0.517410832163994
-0.514579312282426
-0.51123268185742
-0.507347157280158
-0.502919774848662
-0.497921787275684
-0.492317476467113
-0.486066119084553
-0.4791229752107
-0.471440147701605
-0.46296739832963
-0.453652934564948
-0.44344417441938
-0.432236978601613
-0.419936422277337
-0.406510604365088
-0.391929759396347
-0.376163956536063
-0.359183852879665
-0.340961588237145
-0.321471610297512
-0.300691419850332
-0.278602234364658
-0.255224771789678
-0.23056206307214
-0.204566902223375
-0.177205160534329
-0.14845820448554
-0.118321920843105
-0.0868054722767735
-0.0539300663484493
-0.0197277748899132
0.0157595880418465
0.0524953100765069
0.0904228331501697
0.129454368143967
0.169500820862514
0.210473574851134
0.252284589179546
0.294846539974572
0.338073001893306
0.38187865121797
0.426179479165214
0.470978629008327
0.516301079559756
0.562096529898289
0.608299826632848
0.654837618666585
0.701630993962846
0.74859743607679
0.795652494732247
0.842711225616274
0.88968942386564
0.936476722500729
0.982947994670791
1.02899871087138
1.07453986436991
1.11949598199778
1.16380366043781
1.20741031119733
1.25027309798604
1.29235805385753
1.33363935238146
1.37412943744754
1.41384481175998
1.45277241519123
1.49090341159247
1.52823533046185
1.56477187220327
1.60052258942581
1.63550255460878
1.66973201636436
1.70323604237536
1.73592902716166
1.7677330519128
1.79870122521511
1.82889796073731
1.85839062201766
1.88724866294956
1.91554310511192
1.94334603150091
1.97073008407443
1.9977679676094
2.0246755200868
2.05166486086752
2.07878959179034
2.10609035500155
2.1336037599969
2.16136294552964
2.18939785283546
2.21773542596878
2.24639976322442
2.27541223135931
2.30486079601022
2.33485046724228
2.36542393102859
2.39660568764636
2.42840681279779
2.46082682716488
2.49385571273392
2.52747570410118
2.56166281986742
2.59638814831268
2.63155609429076
2.66706196604009
2.70286282731044
2.73892352204075
2.77521178150526
2.81169717212401
2.84835064006679
2.88514419440473
2.92205067384793
2.95904357932974
2.99592038917536
3.03248301597307
3.06872883679537
3.10466990139888
3.14031917522967
3.17568940411889
3.21079313567086
3.24564279141783
3.28025072019571
3.31462923389481
3.34887484449181
3.38308006701049
3.41724352837626
3.45135893412258
3.48542135786764
3.51942764351077
3.55337595088546
3.58726533837261
3.62109543487579
3.65486618749473
3.6886765403663
3.72261562807399
3.756657202667
3.79076946617443
3.82492322174695
3.85909253510625
3.89325412229038
3.92738680292184
3.96147109302249
3.99548891160125
4.02947401053485
4.06346138547351
4.09743303739783
4.13136798456544
4.16524531071579
4.19904435950013
4.23274490374025
4.2663272881965
4.29977254833189
4.33306250987282
4.36622381251975
4.39927738328792
4.43219237715865
4.46493748960214
4.49748361464417
4.52980371767754
4.56187303793172
4.59366923561735
4.62517247714527
4.6563654736508
4.68700438364725
4.71685995705564
4.74595823213291
4.77433944159018
4.80204593270348
4.82912225432018
4.85561454377137
4.88156999094719
4.90703638566
4.93206172594217
4.95680601338192
4.98141788451005
5.00591752830777
5.03032042833488
5.05464280998231
5.07890084550802
5.10311047808751
5.12728726004875
5.1514461843917
5.17560152056139
5.19967180900701
5.22358548266847
5.24738040971976
5.27109764733315
5.29477472435272
5.31844496833727
5.34213772503651
5.3658785983302
5.3896896604173
5.41358963575979
5.43769611066095
5.46212769386177
5.48689434495784
5.51199256780707
5.53741262393015
5.56314029076649
5.5891572925329
5.61544163965587
5.64196797005346
5.6687079033415
5.69568048911851
5.72289724148706
5.75031083257949
5.77787109888218
5.80552793484329
5.83323160991631
5.86093302002423
5.88858395185147
5.91613735729215
5.94354763186266
5.9706692276287
5.99734937790073
6.02353616876077
6.04919010325632
6.07428105130463
6.09878829309014
6.12269975125107
6.14601116141275
6.16872522082486
6.1908507381492
6.21246858505088
6.23366582383368
6.25446406501114
6.27488194188063
6.29493794584134
6.31465058821841
6.33403837549654
6.35311976752285
6.37191312918337
6.3904366772469
6.40857207854293
6.42620144910525
6.44335116369984
6.46005767876154
6.47636088798184
6.49230308578021
6.50792807714683
6.52328040413205
6.53840467100024
6.55334495868879
6.56826097160551
6.5833197819675
6.59856976999086
6.61404348852225
6.62976417994138
6.64574741987232
6.66200195165224
6.6785304115067
6.69532998925883
6.71239303586913
6.72963327937839
6.74695599917419
6.76433775232836
6.78175970890238
6.79920461147002
6.81665657062973
6.83410091748559
6.85152407432577
6.86891343865114
6.88625727965364
6.90364932682578
6.9211926407893
6.93888715937821
6.95672133016736
6.97467748705325
6.99273328225524
7.01086258773082
7.02903630614509
7.04722311662003
7.06539016095252
7.08341478183431
7.10116092064736
7.1185756110052
7.13561842819562
7.15225818155218
7.16847220781598
7.18424553685996
7.19957005254313
7.21444366746319
7.22886952814892
7.24295945684197
7.25682579652496
7.27047114482443
7.28389347350119
7.29709081882152
7.31006158330836
7.32280459002613
7.33531911465119
7.3476049087812
7.35966221570758
7.37138283446676
7.38266251143344
7.39351553810008
7.40396425527214
7.41403377600447
7.4237511109367
7.43314458828448
7.44224335181084
7.45107691789176
7.45967478617455
7.4681248057738
7.47650765599631
7.48483561711681
7.49311766839404
7.50136230135212
7.50957760743602
7.5177712177989
7.52595024326814
7.53412122260778
7.54229007929547
7.55046390378772
7.55866392361857
7.56692080670182
7.57525849537515
7.58369417834589
7.59223895650533
7.60089852791508
7.60967384090001
7.61856171100856
7.62755540032184
7.63665063430908
7.64583930177034
7.65510433430593
7.66442703803617
7.67378775005067
7.68316619636484
7.69254179979747
7.70189395764387
7.71120229124786
7.72044686847911
7.72969651490143
7.73898924737969
7.74824539973105
7.7573920950594
7.76636729987129
7.77511921884941
7.78360564855687
7.79179329795308
7.79965708080687
7.8071793860883
7.81427809843084
7.82090926386125
7.82713563524432
7.83301740168635
7.83860806423224
7.84395461296806
7.84909793496705
7.85407322073526
7.85891037161366
7.8636344113992
7.86822248388828
7.87264216493245
7.87689889244852
7.88100069923677
7.88495663068944
7.88877645683325
7.89247048179414
7.89604937255338
7.89952400246573
7.90290530909892
7.90614047192084
7.90917186332963
7.91200522824747
7.91465290735127
7.91713081654248
7.91945760248245
7.92165398107948
7.92374214322559
7.9257452187423
7.927686795951
7.92973787573657
7.93207475385869
7.93472146892112
7.9376869340759
7.94097174513831
7.94456959354492
7.94846826615127
7.95265055435412
7.95709508522621
7.96177707976241
7.96663959385027
7.97163956001869
7.9767766584855
7.98204583857181
7.98743624603005
7.99293200296007
7.99851311860048
8.00415633674678
8.00983591500777
8.01552433793861
8.02111324280069
8.02649226803958
8.03163407482967
8.03651866319444
8.04113025293645
8.04545687661773
8.04949008696314
8.05322467043851
8.05665836371941
8.05979157597463
8.06265252527334
8.06527177510391
8.06765505592661
8.06980767312003
8.07173549714073
8.07344499310105
8.07494318438471
8.07623761036693
8.07733628164327
8.07824763339717
8.07892254706279
8.07930843339345
8.07941131643705
8.07924359852641
8.07882119484241
8.07816279924628
8.077289308344
8.07622330030335
8.0749885611765
8.07360965685388
8.07209938309113
8.07045957768974
8.06869585499046
8.06681882049033
8.06484325650145
8.06278729121138
8.06067163015882
8.05851885479001
8.05635278805879
8.0541979260133
8.05221977132093
8.05058500499288
8.04931055439986
8.04839954171046
8.04784900924276
8.04765136741532
8.04779513020635
8.04826553460041
8.04904508485834
8.05011403459483
8.05130695154977
8.05245589617913
8.05354359657705
8.05456377165945
8.0555143875795
8.05639698130889
8.0572159398129
8.05797785825511
8.05869097354242
8.05936466917038
8.06016532746611
8.06125181541464
8.06261029362123
8.06421706515887
8.06604698460901
8.06807418886945
8.07027239681605
8.07261516505481
8.07507612219984
8.07762918396225
8.08012354193866
8.08243831897071
8.08461134931183
8.08668122475389
8.08867878326912
8.09062666908379
8.09254054704061
8.09443022559014
8.09630063237522
8.09815266182101
8.09996229600876
8.10167798199376
8.10324901180378
8.10463504042607
8.10580538687897
8.10673812045213
8.1074191798603
8.10784146811416
8.10800395113869
8.10791078570919
8.10762877851692
8.10721205562858
8.10664259559835
8.10590691240908
8.10499838106995
8.10391607663222
8.10266398817918
8.10125027401959
8.09968655796525
8.09798727662087
8.09621095983023
8.09441230695637
8.09259803626006
8.09077442927078
8.08894942003574
8.08713218549189
8.08533284205318
8.08356217132424
8.08183137090445
8.08015182972789
8.07836381874125
8.07634430479144
8.07418499837304
8.07197943332418
8.06980739487632
8.06773283261412
8.06580628616705
8.06406716092915
8.06254560770725
8.0612640413163
8.06035150302817
8.05991947905952
8.05994435501541
8.06039466031979
8.06123860256875
8.06244452978551
8.06398097066705
8.0658166729853
8.06792066007968
8.07026230226152
8.07278689266092
8.07543511406042
8.07817030089208
8.08096068818479
8.08377814671327
8.08659794126057
8.08939839294377
8.09216055545857
8.09486791577008
8.09750612227493
8.10018349723699
8.10301905367396
8.1060094924983
8.10913568324126
8.11237244026541
8.11569171901876
8.11906365538737
8.12245730176013
8.12584123686321
8.12918409234306
8.13232281472419
8.13510498935496
8.13752936078013
8.13960453287373
8.14133999589825
8.14274511201129
8.14382925670285
8.14460199836286
8.14507324473209
8.1452533544296
8.14520891203404
8.14499600970361
8.14460273374924
8.14401762936196
8.14323327600884
8.14224596509677
8.14105536338399
8.13966418228089
8.138077857604
8.1363042426943
8.13437245506314
8.13231227723249
8.13013434584291
8.12785074812324
8.12547549141755
8.12302406635294
8.12051305126913
8.11795975804795
8.11538191759478
8.11279740270961
8.11015565271793
8.10741335395034
8.10460607383211
8.10177136590278
8.09894383872044
8.09615475533189
8.09343228769109
8.09080176467531
8.08828587628928
8.0859048398386
8.08383962526952
8.08225839585899
8.08114366170654
8.08046635838529
8.08019702130087
8.0803065754634
8.08076626905602
8.08154760669236
8.08262232348983
8.0839623926337
8.08560865577357
8.08760646968481
8.08993053043312
8.09254686185478
8.0954187300864
8.09850849742817
8.10177806595984
8.10518919408536
8.10870379739882
8.11228424697401
8.11585301320678
8.11932413539928
8.12264833261049
8.12578443775293
8.12869798012263
8.13136133545381
8.13375319888095
8.13585800105754
8.13766532232575
8.13916932049818
8.14014564078181
8.14038671419885
8.13993614639082
8.13885255755939
8.13719653204985
8.13502973466104
8.13241383771444
8.12940975087291
8.12607708153941
8.1224737581551
8.1187843343916
8.11518700977331
8.11171461409447
8.10838571115847
8.10521564955108
8.10221899281328
8.09940954678273
8.09680020394658
8.09440279651879
8.09222798039639
8.0902101702794
8.08828509960942
8.08646940313195
8.08478313201652
8.08324505475934
8.08187241643584
8.08068082884416
8.0796841951901
8.07889465979855
8.07832257884816
8.07806146480627
8.07819773438785
8.0787207009785
8.0796131180027
8.08085685354615
8.08243317161617
8.08432276028851
8.08650576037654
8.08896180811992
8.09167009101182
8.09456753409153
8.09759214586813
8.10072748982041
8.10395960455369
8.10727474400355
8.11065949659731
8.11410076273944
8.11758574191706
8.1211019357179
8.12463716313973
8.12810991124203
8.13144353283934
8.13464011441354
8.13770612625124
8.14064747035652
8.14346906092742
8.14617509504891
8.14876931414431
8.15125521453392
8.15363621218154
8.15599456111861
8.15840867905258
8.16086969571957
8.16336437182046
8.16588026163463
8.16840599088786
8.17093122470365
8.17344662180383
8.17594379252155
8.17841526062535
8.18079930151767
8.18303826348092
8.18513673208498
8.18710297051119
8.18894588252003
8.19067513926604
8.19230096350871
8.19383393747644
8.19528484746226
8.19666455675329
8.19801763635345
8.19938453374318
8.20076533213413
8.20215754319993
8.2035591589792
8.20496914607694
8.20638733425517
8.20781427943696
8.20925114470195
8.21069959956257
8.21195589818903
8.21282934163488
8.21335979198371
8.21359819707669
8.21359411077495
8.21339565841008
8.21304918429931
8.2125990051418
8.21208725424064
8.21155378509217
8.21118519827981
8.21116105712997
8.21149692880799
8.21219851542746
8.21326867827806
8.21470646031447
8.21650759049555
8.21866496403105
8.22116904008743
8.22400818144822
8.22712290011645
8.23044639382543
8.23395607463823
8.23763596328925
8.24147277607073
8.24545438515419
8.24956934285337
8.2538066344613
8.25815553429121
8.2626055188855
8.26726040155026
8.27222015615262
8.27745973087158
8.28294715428
8.28865043613054
8.29453770615665
8.30057746238269
8.30673878345933
8.31299150517492
8.31930637019737
8.32560119123071
8.33179827699275
8.33788172619167
8.34383994540238
8.34966220501817
8.35533862651727
8.36086024655276
8.36621907905706
8.37140816976274
8.37642164176559
8.38120502681438
8.38570932123942
8.38994386900688
8.39392206010671
8.39765766839837
8.40116458703795
8.40445685398468
8.40754867766766
8.41045444575445
8.4131887184421
8.41596505247972
8.41898454284718
8.422224847673
8.42565222098018
8.42923459720445
8.43294213085133
8.43674720245273
8.44062435920314
8.44455023515349
8.4485034631632
8.45235329532488
8.45597931980295
8.45938867408811
8.46259508890564
8.46561206827335
8.46845307182401
8.47113149083672
8.47366062443231
8.47605366461138
8.47832368454569
8.48056784777445
8.48288092497437
8.48526574045348
8.48771944576632
8.49023866057047
8.49281960703627
8.49545823091525
8.49815029849303
8.50089147269983
8.50367737317397
8.50631663334016
8.50862182708476
8.51061060227554
8.51231647845411
8.51377418499132
8.51501724405375
8.5160780164018
8.51698785577967
8.51777720371333
8.51847562392604
8.51914633053199
8.51985241049053
8.5206194562533
8.52146869495814
8.52241902837729
8.52348705572827
8.52468725720638
8.52603216824827
8.52753253431268
8.52919744756715
8.53130308919223
8.53411286153175
8.5375923093653
8.54168879950113
8.54634867005383
8.55151852767883
8.55714569931072
8.5631784933014
8.56956636727177
8.576260041482
8.5827692100099
8.58862577394387
8.59385566839298
8.59851568257517
8.60266197330637
8.60634737551115
8.60962170543962
8.61253218119897
8.61512376658789
8.61743943405508
8.61964328240172
8.62189038954561
8.62419645179255
8.626568384269
8.62901245460436
8.63153469776112
8.63414089137861
8.63683650725664
8.63962666508283
8.64251609032498
8.64565533638782
8.6491832312467
8.65307200179006
8.65728552213736
8.66178953417817
8.66655247726938
8.67154514593267
8.67674034308934
8.68211259690394
8.68763793566427
8.69329394571389
8.69906328243851
8.70493268692425
8.71088836611192
8.71691583540922
8.72300011495382
8.72912592153654
8.73527784437798
8.74144050487997
8.74759870133156
8.75372300533883
8.75979469182148
8.76581908393629
8.77179849323887
8.77773174710724
8.78361497697204
8.78944215982244
8.79520562367445
8.80089651506712
8.80650522064736
8.81208235026942
8.81766563716055
8.82321750197795
8.82870103003705
8.83408478648231
8.83934282894734
8.84445400917318
8.8494013530601
8.85417154819194
8.85875451875054
8.8630264911159
8.86686838249943
8.87029108268849
8.87331782366782
8.8759749986134
8.87829043000743
8.88029305460301
8.88201270457001
8.88347988818424
8.88472556451069
8.88564390184347
8.88614271266578
8.88628670001861
8.88614468753503
8.88578149129517
8.88525825130802
8.88463245908983
8.88395797497547
8.88328505216352
8.88266036498835
8.8823695420334
8.88269645351211
8.88366573918908
8.88528067288304
8.88753425601778
8.89040921914252
8.89388025925335
8.89791596985634
8.90248041336638
8.90753439673141
8.91306433351988
8.91903851097057
8.92538114083652
8.9320212993903
8.93889564923786
8.94594784004701
8.95312749777325
8.96038938465763
8.96769272845926
8.97500068735358
8.98223144899562
8.98931412580717
8.99623911885477
9.00300027731341
9.00959132585461
9.01600591332494
9.02223779906527
9.02828102557054
9.03413006954286
9.03977997193629
9.04506894302035
9.04984198557696
9.05411896184386
9.05793134688629
9.06131149583104
9.06429189742653
9.0669051236802
9.06918379485631
9.07116052206936
9.07286782987553
9.0744004539752
9.07584014266311
9.07719039632866
9.07845342191076
9.0796350115147
9.08074447003754
9.08179391983859
9.08279766817781
9.08377166424582
9.0847330320204
9.08585402945006
9.0873133829804
9.08913025111712
9.09130916104139
9.09384845470247
9.09674103748159
9.09997540180806
9.10353652138011
9.10740660931826
9.1115657570788
9.11589996162797
9.12029255152273
9.12472466459325
9.12918620864431
9.13366934253316
9.13816752453198
9.1426752325416
9.14718776827989
9.15170109870549
9.15621172622694
9.16062099962133
9.16482407605563
9.16881462055404
9.17259875200851
9.17618746014177
9.17959464762544
9.18283639580412
9.18593041940271
9.1888956107579
9.19175164946037
9.1946431270895
9.19772367327064
9.20102079231219
9.20454786952174
9.20831115148353
9.2123104143964
9.21654012333
9.22099048361908
9.22564835345267
9.23049802706239
9.23527251182429
9.2397070146373
9.24380782930964
9.24760227472636
9.2511205856612
9.2543936678173
9.25745277924954
9.26032933950456
9.26305474516039
9.26566018475492
9.26827781551799
9.2710427614212
9.27398401073876
9.27712015620391
9.28046508664941
9.28402840720947
9.28781601629513
9.2918306289893
9.29607223845147
9.30053852102537
9.30530503889547
9.31043218627999
9.31588239675873
9.32161591782585
9.3275965249578
9.33379158414867
9.34017160404166
9.34670983087717
9.35338190767968
9.36016558862289
9.36705403927532
9.37404672071622
9.38113402933933
9.38830492510295
9.39554750806689
9.40284925681803
9.41019723314538
9.41757826526075
9.4249791118257
9.43238660851577
9.43976634157912
9.44708293950519
9.45432341284407
9.46147759288913
9.4685368452299
9.47549391131873
9.48234281384249
9.48907877574045
9.49569814812064
9.50219834502314
9.5086379185755
9.51506986012059
9.52147806125699
9.52784464670745
9.53415399740676
9.54039276638245
9.54654974398967
9.55261572093385
9.55858335666747
9.56444705323666
9.57019752806613
9.57581748279972
9.581289728456
9.58660391577252
9.59175565757461
9.59674549824913
9.60157804360939
9.60626122090418
9.61080564379567
9.61522406312593
9.61937852319724
9.62316548605386
9.62666999698448
9.62997299629115
9.63314471987866
9.63624738571901
9.63933559005517
9.64245668574573
9.64565123408651
9.64895349598254
9.6525230391217
9.65650819306172
9.66090794348778
9.66570940481624
9.67089550541469
9.67644554024095
9.68233611709776
9.68854194601762
9.69503647639149
9.70179241127417
9.70884828271112
9.716251169157
9.72398448404753
9.73202322416061
9.74033809759588
9.74889643586265
9.75766315741186
9.76660160334732
9.77567424805402
9.78484330036211
9.79407880854321
9.80334546693238
9.81259618955278
9.8217874957262
9.83088015649593
9.83983895823398
9.84863246553755
9.85723280991543
9.8656155021798
9.87375926511972
9.88154126874604
9.88882875621622
9.89559424594116
9.90182784323051
9.90752949181026
9.91270690773149
9.91737438757248
9.92155183104717
9.92526389811906
9.92853926732503
9.93142651510219
9.93398787191905
9.93627887316722
9.93835094690529
9.94025190603447
9.94202607158374
9.9437144183376
9.94535471667869
9.94698167082536
9.94862705507996
9.95040323592972
9.95242428302213
9.95471615842044
9.95729401687479
9.96016713416567
9.96333950099148
9.96681068654017
9.97057661520675
9.9746302379774
9.97896210737656
9.9835128392448
9.98822209134594
9.99308026743901
9.99808047331362
10.0032156000431
10.0084783452606
10.0138612552939
10.0193567624753
10.0249572190612
10.0306549281602
10.0365498157787
10.0427354485915
10.0491844841912
10.0558633242678
10.0627396890111
10.0697828291284
10.0769635240909
10.0842540600542
10.0916282006827
10.0990611556852
10.106362906462
10.1133317124902
10.1199373618891
10.1261724459644
10.1320389984543
10.1375458041103
10.1427070940844
10.1475415242683
10.15207131981
10.1563215459098
10.1603258089065
10.1641049284411
10.1676619309204
10.1710056362588
10.1741513191744
10.1771195377324
10.1799349382448
10.1826252321175
10.1852203245144
10.1877515675082
10.1902970746888
10.1929606549467
10.1958173637127
10.1989274437904
10.2023385248901
10.2060867686084
10.2101981127397
10.2146895246271
10.2195702106747
10.2248427469508
10.2304664167316
10.2364068099031
10.2426748085478
10.2492761154394
10.2562093715762
10.2634674106618
10.2710382800854
10.2789061293161
10.2870519814503
10.2954543968462
10.3042794219297
10.3136544286965
10.3234703016735
10.3336162809601
10.3439966390346
10.3545298679535
10.3651464095638
10.3757867244805
10.3863997094882
10.3969413948018
10.4072734147828
10.4172700516172
10.4269245896583
10.4362392116668
10.4452167000333
10.4538603060805
10.4621738751688
10.4701619450424
10.4778298144536
10.4851835868628
10.4922555521851
10.4990896549526
10.505711970857
10.5121425581754
10.5183972834239
10.5244885710059
10.5304260773219
10.5362172741215
10.5418679466868
10.547382616325
10.5526792812292
10.5576850485733
10.5624270660946
10.5669352568896
10.5712359392778
10.5753526865085
10.5793067998688
10.5831176690808
10.5868030726682
10.5903794268774
10.5937358361615
10.5967527091915
10.5994405316413
10.6018241699216
10.6039323436776
10.6057963985183
10.6074496574198
10.6089268688022
10.6102637160334
10.6114963775973
10.6128855702644
10.6146782079228
10.6168663333824
10.619426120488
10.6223360898001
10.6255776333392
10.6291344838995
10.6329922135297
10.6371378128799
10.6415593413487
10.6461932428657
10.6510010295908
10.6560208962235
10.6612847950505
10.6668141584454
10.6726216039478
10.678712331782
10.6850853432368
10.6917345101354
10.6986495052618
10.7056501205176
10.712552868321
10.7193528728975
10.7260591668087
10.7326806646558
10.7392256513453
10.7457018402497
10.7521164377372
10.7584761931546
10.7647874363257
10.7711690738222
10.7777376449892
10.78448513132
10.7913939193765
10.7984460703933
10.8056236427631
10.8129088067198
10.8202839390227
10.8277317014318
10.8352351074186
10.8428879900025
10.8507543171409
10.8587534104477
10.8668076153962
10.8748531764591
10.8828389113861
10.8907240489246
10.8984764071504
10.9060709122449
10.9134883931064
10.9205871906143
10.9272418703305
10.933478856545
10.9393336803134
10.9448394607216
10.9500271716227
10.9549260693358
10.9595640033718
10.9639676410769
10.9681626273496
10.9721721662013
10.9760223355222
10.9797431100555
10.9833622763435
10.9869052637715
10.9903953929574
10.9938540803631
10.9973010067406
11.0007542572338
11.0042304384604
11.0078694400357
11.0118090025723
11.016048639843
11.0205746114606
11.0253711310162
11.0304210643937
11.0357063959369
11.0412085946562
11.0469088914658
11.0527884878569
11.0586828313597
11.0644539147892
11.0701445940723
11.0758001204156
11.0814549389429
11.0871347731102
11.0928581765473
11.0986377601152
11.1044812161502
11.1103921818686
11.1164032269323
11.1225380531674
11.1287781916392
11.1351032880424
11.1414942577698
11.1479332534481
11.1544035506563
11.1608894532823
11.16737621789
11.173849994581
11.1801604896345
11.1861645610398
11.1918747651453
11.1973142483874
11.2025042831259
11.2074645437804
11.2122135138937
11.2167687768581
11.221147227739
11.2253652248638
11.2296009510332
11.2340229832218
11.2386158478836
11.2433530822736
11.2482109596553
11.2531684598949
11.2582069347044
11.263309813553
11.2684623463964
11.2736513808742
11.2788719328666
11.2841196666408
11.2893831341023
11.2946510856481
11.2999133242306
11.3051606363063
11.3103847120599
11.3155780768446
11.3207340321157
11.3258466044645
11.3308255226089
11.3355637298477
11.3400332103699
11.3442219304421
11.3481263267648
11.3517493878286
11.3550994549898
11.3581892570739
11.3610351047218
11.3636562098065
11.3662658603053
11.369081802182
11.3721169647027
11.3753666880355
11.3788244744002
11.3824826468189
11.3863326160269
11.3903650985851
11.3945702924468
11.3989380186748
11.4033427266623
11.4076722963075
11.4119512073167
11.4162088521628
11.4204690062268
11.4247505652788
11.4290683217222
11.4334336020504
11.4378548026469
11.4423378425732
11.4468448772624
11.4513484936375
11.4558754566062
11.4604502544247
11.4650911860594
11.4698113699454
11.474619581807
11.479520951686
11.4845175581613
11.4896089366454
11.4949459538914
11.5006690911784
11.5067425660057
11.5131182257443
11.5197502784418
11.5265957626354
11.5336144140826
11.5407684957621
11.5480226254616
11.5553436113291
11.5624494638488
11.5690771223789
11.575252900061
11.5810196856179
11.5864132232627
11.5914634558822
11.596196101906
11.6006337823387
11.6047968394393
11.6087039393492
11.6124036626035
11.6159457277315
11.6193473282664
11.6226220306715
11.6257822545472
11.628839412034
11.6318040587524
11.6346860236496
11.6374945125687
11.6402381906986
11.6430513987841
11.6460309703643
11.6491043508903
11.6522002287068
11.6552618319122
11.6582460316686
11.6611211463905
11.6638650323305
11.6664634997159
11.6689089908775
11.6712436175918
11.6735408481283
11.6758526683217
11.6782204669086
11.680677337116
11.6832491072914
11.6859552481124
11.6888096821646
11.6918215103405
11.6949956671211
11.6983689453635
11.7019483357061
11.7056768020818
11.7095017283504
11.7133799026759
11.7172765346112
11.7211639285226
11.7250203428432
11.7288290355319
11.7325774637394
11.736087381097
11.7391770395333
11.741846874858
11.7441186135131
11.7460187986866
11.7475766339093
11.7488233436505
11.7497917237207
11.7505157530307
11.7510302473992
11.7512803593995
11.7512324885093
11.750968519637
11.7505700782557
11.7501104355726
11.7496555411922
11.7492647561035
11.7489914128533
11.7488832787861
11.7489829500754
11.7495221268503
11.7507326320641
11.7526351246274
11.755226411227
11.7584957685719
11.7624263914585
11.7669965224138
11.7721804117002
11.7779491110097
11.7842711275047
11.7910761137492
11.7982720528284
11.8057890524732
11.8135676854079
11.821556527451
11.8297106995388
11.8379907493322
11.8463617511232
11.854792572986
11.8632552780433
11.8717398541761
11.88024213166
11.8887464822032
11.8972363827932
11.9056952739842
11.9141067153862
11.9224544865196
11.9307226768429
11.9388957687855
11.9469587146274
11.9548376394723
11.9624806521317
11.9699185536672
11.9771792464442
11.9842825412613
11.9912417797306
11.9980651180328
12.0047565414467
12.0113166941197
12.0177435662978
12.0240004536833
12.0300647145578
12.0359606480467
12.0417080793633
12.0473201868634
12.0528050121242
12.0581663809699
12.0634046443846
12.0685173141489
12.0734996104237
12.0783530489146
12.0830477610957
12.0875185220674
12.0917093647169
12.0955756436902
12.0990828753738
12.1022054926822
12.104925761561
12.107232848083
12.1091220111269
12.1107397102511
12.112235928996
12.1136063161719
12.1148382148603
12.1159218693318
12.1168507595328
12.117621247736
12.1182322192791
12.1186847585168
12.1189818579457
12.1190815856532
12.1189418037329
12.1185706098432
12.1179817994501
12.1171908897905
12.116214561135
12.1150703975846
12.113776667653
12.1123521230554
12.1108158131221
12.109215088255
12.1076110303649
12.1060460743542
12.1045556349708
12.1031696374665
12.1019129157598
12.1008056287866
12.0998636665564
12.0990990396374
12.098520251201
12.0979335663032
12.0971384240622
12.0961442066374
12.0949770420964
12.0936634563152
12.0922295847225
12.090701074003
12.089103009034
12.087459837478
12.0857952923291
12.0843340652959
12.083285518588
12.0826251615919
12.0823113760539
12.0823055354407
12.0825746061152
12.0830903713378
12.0838285079124
12.0847678226953
12.0858896471574
12.0870434090379
12.0880953620257
12.0890713560252
12.0900049374699
12.0909253375273
12.0918574512742
12.0928223006538
12.0938374627959
12.0949174464797
12.096074023053
12.09752185496
12.0994678283522
12.101888907752
12.1047428084691
12.1079864702724
12.1115779865601
12.1154766742045
12.1196430110908
12.1240385908323
12.1286261017712
12.1331497875958
12.137376549726
12.1413296619563
12.1450429715776
12.148542999656
12.1518505034634
12.1549815766005
12.1579484857503
12.16076036001
12.1634237640384
12.1660884126762
12.1688882678051
12.1717870131916
12.1747395793969
12.1777045758911
12.1806449038201
12.1835274330716
12.1863226612592
12.1890044144767
12.191549587002
12.193856498258
12.1958199958347
12.1974202514695
12.1986491008161
12.1995034044484
12.1999839877046
12.2000952047883
12.1998445806504
12.1992424806707
12.1983018003198
12.1971820547264
12.1960515152975
12.1949307974304
12.1938280683183
12.1927492072327
12.1916985781399
12.1906792420889
12.1896931168438
12.1887411189215
12.1878232918817
12.1868639478353
12.1857877412495
12.1846005146708
12.1833136001666
12.1819380305144
12.1804843085363
12.178962433289
12.1773819316379
12.1757518830765
12.174080938264
12.1724566361268
12.1709785037223
12.169670992492
12.1685480141867
12.167618249065
12.166885321591
12.166348341228
12.1660024537852
12.1658393582744
12.1658477904348
12.1656541180022
12.1648684640261
12.1634760730143
12.161496013705
12.158952992164
12.1558757960598
12.1522968267199
12.1482516824865
12.1437787488759
12.1389187923237
12.1339303938365
12.1290696668487
12.1243559506784
12.1197890543577
12.1153678615775
12.1110933542787
12.1069684580576
12.1029976111299
12.0991863559374
12.0955409885527
12.092020304181
12.0885831142919
12.0852400838722
12.0820063003831
12.0788969704746
12.0759266725526
12.0731092108733
12.0704575422344
12.0679837203113
12.0656988496395
12.0637916472708
12.0624630785144
12.061731687841
12.0615949932529
12.0620431115715
12.0630607337367
12.0646279353409
12.0667208170749
12.0693120687886
12.0723714748417
12.0758178913273
12.0795619818152
12.083559856005
12.0877726786879
12.0921633161805
12.0966959654512
12.101336109218
12.1060505162108
12.1108072585548
12.1155757395493
12.1203027150788
12.1249347531521
12.1294444489856
12.1338085004156
12.1380058503897
12.1420174805711
12.1458263580312
12.1494173936825
12.1527774007431
12.1558950517993
12.1586653060308
12.160976506028
12.1628145704235
12.1641781466776
12.1650711996917
12.165501710773
12.1654811920763
12.1650242948507
12.164148445281
12.1628734999672
12.161344120175
12.1597203196696
12.158043351303
12.1563414687705
12.1546385118093
12.1529548380893
12.1513077241585
12.1497116901458
12.1481787862757
12.1467188482887
12.1451638853223
12.1433440698133
12.1412776422127
12.1389960704086
12.1365304521624
12.1339109192782
12.1311666153947
12.1283256875956
12.1254152670548
12.1224614404806
12.1195490968766
12.1167587760935
12.1141023875857
12.1115863750111
12.109216588349
12.1069986998988
12.1049381267568
12.103039926957
12.1013087097065
12.0997485618271
12.0984377985295
12.0974739297008
12.0968903874959
12.0967073759255
12.096936579945
12.097582017825
12.0986409267934
12.1001046101379
12.1019592273842
12.1041865259451
12.1066743208583
12.1092963896641
12.1120124840551
12.1147922957809
12.1176086459844
12.1204368108193
12.1232542864147
12.1260406113518
12.1287772170604
12.1314473002329
12.1341694258343
12.1370477306353
12.1400281532273
12.1430498195903
12.1460583426308
12.1490070775403
12.1518563224519
12.1545724829248
12.1571273625756
12.1594975680641
12.1616368954759
12.1635203399784
12.1651703836809
12.1666087836694
12.1678536743272
12.1689201041867
12.1698205612743
12.1705654161697
12.1711632965146
12.1716214043036
12.171950775542
12.1721544316332
12.1722230855401
12.1721487276897
12.1719255265241
12.171549707783
12.1710193494863
12.1703341891931
12.1694954488352
12.1685056751465
12.1672939059138
12.1657977197267
12.1640423807759
12.16205728331
12.159870183027
12.1575074103847
12.1549940146933
12.1523538602371
12.149609695102
12.1467831980843
12.1439769574869
12.1412918105273
12.1387388352629
12.1363216529484
12.1340424667945
12.1319024595534
12.129901870885
12.1280400542137
12.1263155321061
12.1247260514556
12.1231485005054
12.121465141786
12.1196918591368
12.1178509741447
12.11596260386
12.1140452163642
12.1121157927698
12.1101899223886
12.1082818836339
12.1064047114718
12.1046308863213
12.1030220058488
12.1015641658204
12.1002395955977
12.0990323805812
12.0979287983786
12.0969170558288
12.0959870166367
12.0951299641356
12.0943383976855
12.0936366289727
12.0930569349912
12.0926055168591
12.0922846036804
12.0920942407424
12.092032589238
12.0920961529476
12.0922799853153
12.0925778805928
12.0929825506026
12.0932677319015
12.093196781991
12.0927592490758
12.091965570928
12.090830623645
12.0893723172238
12.0876111703369
12.0855699653567
12.0832734226825
12.080747889158
12.0781063723198
12.0754693674218
12.0728720549379
12.07034139052
12.0679018557304
12.0655757107765
12.0633830565525
12.0613418866738
12.0594681388483
12.0577757474761
12.0563728673191
12.0553674408385
12.0547634342543
12.0545544285066
12.0547308871619
12.055280849461
12.0561902030809
12.0574429192317
12.0590212762448
12.0609060739303
12.0631058730689
12.0656254756647
12.0684350425228
12.0715023311919
12.0747953845571
12.0782827901091
12.0819337423043
12.0857180991903
12.0896064447569
12.0935701553709
12.0975307289982
12.1014046090852
12.1051586993799
12.1087671704556
12.1122078795215
12.1154618396053
12.1185129920246
12.1213480187497
12.1239561714018
12.1263291126296
12.1285621329735
12.1307569935238
12.132912202177
12.1350184063743
12.1370656546303
12.139044088072
12.1409440915321
12.1427563923063
12.1444721439873
12.1460829990416
12.1475296954269
12.1487440687157
12.1497058814753
12.1504031789345
12.150828611591
12.1509785362781
12.1508525952556
12.1504533672258
12.1497860485391
12.1488581566731
12.1477812954648
12.1466713556181
12.1455371637582
12.1443781030421
12.1431927553261
12.1419803687619
12.1407409068549
12.1394749552155
12.1381836204097
12.1368684394366
12.1355705162204
12.1343378601247
12.1331821015062
12.1321094663252
12.1311236519925
12.1302264499847
12.1294180338613
12.12869718696
12.1280615000602
12.1275075454707
12.1269298371664
12.1262302398395
12.1254262458456
12.1245404765659
12.1235924903649
12.1225990220895
12.1215743268595
12.120530475825
12.1194776145438
12.1184241891727
12.117340605032
12.1161758946403
12.1148995008543
12.1134889970317
12.1119285005773
12.110207585307
12.1083204623171
12.1062652971203
12.1040436280791
12.1016598641797
12.099266255748
12.0970394696728
12.0950202436075
12.0932312530563
12.0916878255749
12.0903995313972
12.0893710082113
12.0886026432109
12.0880911696577
12.087830189735
12.0875550080653
12.0869860812793
12.086109052477
12.0849360140363
12.0834833880729
12.0817694083294
12.0798136784011
12.0776369268035
12.0752607907541
12.0727076127484
12.0700605136026
12.0674258008638
12.0648650624754
12.0624282354519
12.0601571527733
12.0580862406795
12.05624321787
12.0546497354411
12.0533219585766
12.0522711031931
12.0513499158931
12.0503965890192
12.0494039656925
12.0483790791919
12.0473306474131
12.046268410338
12.0452028920442
12.0441451944428
12.043106813472
12.042099474264
12.0414130999378
12.0413411197907
12.0418773193083
12.0429878747863
12.0446358212922
12.0467832763358
12.0493917033681
12.0524220330508
12.0558347892102
12.0595902267761
12.0634395610226
12.0671144806222
12.0705574117134
12.0737373577544
12.0766318397765
12.0792244366687
12.0815040194904
12.0834641806458
12.0851027253957
12.086421209591
12.0875561304886
12.0886549675349
12.0897317949561
12.0907882070861
12.0918242704718
12.0928396556226
12.0938337974085
12.0948059609456
12.0957552916834
12.0966808576752
12.0974595110859
12.0979690287087
12.0982205496222
12.0982357391483
12.0980362515598
12.0976431757379
12.0970770731071
12.0963580281148
12.0955056782642
12.0945392257999
12.0934720844546
12.0923004266369
12.0910107239266
12.0895942695483
12.0880478284292
12.086373005666
12.0845754822552
12.0826643269339
12.0806513953651
12.0785508071483
12.0766022748801
12.0750853141253
12.074071746634
12.0736027156257
12.0737046465778
12.0743909608362
12.0756638749113
12.0775161021497
12.0799323819324
12.0828908291349
12.086256615475
12.0898930322071
12.0937791888339
12.097900313105
12.1022383940778
12.1067725151205
12.1114794308316
12.1163340741977
12.1213099975211
12.1263797546241
12.1314610964041
12.1364550334943
12.1413074461328
12.1459753276798
12.1504227765783
12.1546199076572
12.1585421202548
12.1621694900444
12.1654862534678
12.1684803707153
12.1711579631322
12.1735196149255
12.1755451915605
12.1772187100139
12.1785299087523
12.1794737722879
12.1800498951626
12.1802619030954
12.1801169404838
12.1796252152719
12.1787494644162
12.1774719704342
12.1758453200385
12.1739211857356
12.1717463306389
12.1693635970933
12.1668124836721
12.1641295536067
12.1613487443751
12.1585016026277
12.1557438521515
12.1532053359272
12.1508538870128
12.1486480959767
12.14655248936
12.1445398769167
12.1425901765196
12.1406890731243
12.1388268878836
12.1369976711678
12.1353024237951
12.133855326081
12.1326685486454
12.1317419063722
12.1310718661734
12.1306533629539
12.1304801452712
12.130544922554
12.1308394733419
12.1313547414988
12.1319154836211
12.1323501912755
12.1326704954301
12.1329013454477
12.1330659548945
12.1331847292165
12.1332755092043
12.133353886666
12.1334334853357
12.1335262025301
12.1334968112498
12.1332187530671
12.1327310868547
12.1320811015375
12.1313114601302
12.1304606719345
12.129563606796
12.1286518916503
12.1277542324835
12.1268966777976
12.1262699722869
12.126064065398
12.1262865974249
12.1269274219812
12.1279730865551
12.1294081902448
12.1312156778522
12.1333770370518
12.1358724778124
12.1386811018025
12.1418847626421
12.1455715460719
12.1497219733724
12.1543038730096
12.1592815216301
12.1646167444643
12.1702695093459
12.1761984263885
12.1823611853501
12.1887149400378
12.1950586570267
12.2011736006977
12.2069978427938
12.212490810762
12.217620195656
12.2223600698401
12.2266901370945
12.2305951514203
12.2340644167289
12.2370913514359
12.2397508083609
12.2421489016846
12.2443342205904
12.2463413143073
12.2481960088206
12.2499168536281
12.2515164240188
12.2530023955956
12.2543784264016
12.2556448963922
12.2569261308902
12.2583311823424
12.2598200619778
12.2613460009612
12.2628660827766
12.2643418103584
12.2657387998265
12.2670264593378
12.2681777085163
12.2691687349265
12.2698424382294
12.2700443013771
12.2697681730186
12.2690202867459
12.2678098720979
12.2661491623945
12.2640532473342
12.2615398898007
12.2586293316396
12.2553440868741
12.2516475973994
12.2475067847761
12.2429564376187
12.2380358216916
12.2327850429943
12.2272453203567
12.2214587889279
12.2154682497079
12.2093169047525
12.2030480792455
12.1967529333809
12.1905208119624
12.1843876366465
12.1783847633542
12.1725418547851
12.1668867028986
12.161445063358
12.1562405176698
12.1512943615631
12.146625519921
12.1423212987986
12.1384767868357
12.1351180835251
12.1322609353075
12.1299146082407
12.1280819366817
12.1267597673621
12.1259394579046
12.1256073909257
12.1257454962024
12.1263562403287
12.1274288610708
12.1289149853174
12.1307652458312
12.1329319329659
12.1353691051842
12.1380325217644
12.1408795968665
12.1438693809672
12.1469625633188
12.1500569562941
12.1530430743197
12.1558748750262
12.15851648469
12.1609376074817
12.1631126486621
12.1650203656864
12.1666435866421
12.1679689523975
12.1689866737839
12.1696647868561
12.1699849706579
12.1699680407227
12.1696357387658
12.1690086766343
12.1681066609662
12.1669489011469
12.1655541630397
12.1639408832655
12.1621272498868
12.160098182665
12.1578361892747
12.1553571406341
12.1526799809471
12.1498245296271
12.1468113649165
12.1436616689156
12.1403970677366
12.1370394724925
12.1336109217763
12.1302577351044
12.1271300637832
12.1242481644818
12.121621073382
12.1192545018998
12.1171511250752
12.1153108069753
12.1137308245737
12.1124060873695
12.1113293531795
12.1102872376025
12.1090499156454
12.1075926684647
12.1059110279829
12.1040065097887
12.1018846143733
12.0995542733325
12.0970274313412
12.0943186603353
12.0914447953342
12.0884852788502
12.0855364767301
12.0826449939532
12.0798502267761
12.0771873678754
12.0746874562877
12.0723775343935
12.0702808034583
12.0684167716318
12.066801400485
12.065547340454
12.0647577464936
12.0644194295164
12.0645095918492
12.0650037328196
12.0658764178755
12.0671014447692
12.0686519699344
12.0705006351772
12.072619696698
12.0750661056802
12.0779019045191
12.0811023743289
12.0846343033685
12.0884620239176
12.0925481864328
12.0968541978454
12.1013406103191
12.1059674806935
12.1106947034923
12.115299474781
12.1195565136255
12.1234344793727
12.1269175365797
12.1299932009101
12.1326520747877
12.1348877608695
12.1366967861884
12.1380785291585
12.1390351439473
12.1395479798895
12.1395954347708
12.1391788042518
12.138305450846
12.1369872250115
12.1352399620606
12.1330830728685
12.1305391505157
12.1276335874698
12.1243942031382
12.1210889078266
12.117997243991
12.1151535885803
12.1125710705891
12.1102574773383
12.1082170031546
12.106450640917
12.1049564601121
12.1037298647426
12.102763839192
12.1016723814373
12.1000587808862
12.0979199315284
12.095281737538
12.0921749149849
12.0886344691686
12.084699149042
12.0804109026292
12.0758143522376
12.0709562848963
12.0662061744825
12.0619409407448
12.0581989983105
12.0549897369815
12.0523153959779
12.0501738386173
12.0485590432382
12.0474614094252
12.0468680409685
12.0467630208345
12.0471080681172
12.0478658851205
12.0490208136141
12.0505554103576
12.0524493052881
12.054679498787
12.0572207277162
12.0600458204129
12.0631260355972
12.0664313849705
12.0698051207025
12.0730867516523
12.0762473922171
12.0792686572078
12.082134603624
12.0848313960393
12.087347238278
12.0896723180582
12.0917987499258
12.093720515
12.0954596580306
12.0970413517766
12.0984655573149
12.0997313925298
12.1008387140699
12.1017881578476
12.1025811401151
12.1032198493598
12.1037072309405
12.1040469652232
12.1043583674484
12.1047636250622
12.1052644458463
12.1058534357198
12.1065216904013
12.1072594382804
12.1080562210295
12.108901036939
12.1097824750215
12.1106888417843
12.1116013675329
12.1125014578214
12.1133781038202
12.1142208333015
12.1150193840053
12.115763770949
12.1164443660232
12.1170519711521
12.1175778840424
12.1180139565893
12.1182185061379
12.1180462415681
12.1174919208657
12.1165619703665
12.1152663364126
12.1136181878255
12.1116336197291
12.1093313573542
12.1067324628994
12.1038600444727
12.1007167147193
12.0973040130863
12.0936461582533
12.0897705823221
12.0857062783518
12.0814833786542
12.0771328302068
12.0726860905449
12.0681748394102
12.0636307062155
12.0591283975935
12.0547457429601
12.0505168919261
12.0464709845128
12.0426344459736
12.039031009068
12.0356816918081
12.032604786094
12.029815860475
12.0273277777091
12.025165993476
12.0233467994813
12.0218615567154
12.0206994734285
12.0198493076736
12.0192995501398
12.0190383811123
12.0190536278725
12.0193327382338
12.019862770024
12.0206631682503
12.0217618671292
12.0231592969225
12.0248505417117
12.0268270371732
12.0290769819159
12.0315857051149
12.0343360213712
12.0373085736721
12.0404821638255
12.0438041513479
12.0472217461324
12.0507140766187
12.0542614472524
12.0578436889188
12.0614403667095
12.0650309804818
12.0685951525121
12.0721128022747
12.0755643081975
12.0789639338847
12.0823222944886
12.0856115252747
12.0888036555769
12.0918731504364
12.0947971123139
12.097555232095
12.1001297227813
12.1025052509267
12.1046688660496
12.1066633456456
12.1085357529605
12.1102799470227
12.1118870028923
12.113348675847
12.1146578070678
12.1158083552237
12.1167953945009
12.1176151040101
12.1182647511206
12.1187376707024
12.1190299598876
12.1191454138451
12.1190884909296
12.1188640407641
12.1184772972826
12.1179338752267
12.1172397602559
12.1164012930287
12.1154251479909
12.1141445687456
12.1123837553703
12.1101451222376
12.1074480734992
12.1043171656019
12.100780309643
12.0968682609383
12.0926142151512
12.0880534234877
12.083222819482
12.0782691814204
12.0733495258726
12.0685139648308
12.0638025877916
12.059251820881
12.0548947319684
12.050761053025
12.0468771945588
12.0432662703284
12.039948134465
12.0370776765016
12.0348085832956
12.0331449614142
12.0320761130641
12.0315863367603
12.0316563000941
12.0322634060588
12.0333820819564
12.0349840613442
12.0370386656869
12.0394477370147
12.0421077941872
12.0449807303452
12.0480334319172
12.0512336932665
12.0545498680188
12.0579509485642
12.0614066773112
12.0648876598886
12.0683654761611
12.0716837398689
12.0746830696002
12.0773395256641
12.0796414353276
12.0815812852984
12.0831551438025
12.0843624470393
12.0852058032894
12.0856907934595
12.0858257672255
12.0855670144075
12.0848702103946
12.083749008982
12.082224108408
12.0803194942404
12.0780618452008
12.0754801646466
12.07260543434
12.069470277749
12.0661086327767
12.0627203174443
12.0595107143809
12.0565129829954
12.0537450613658
12.0512207282766
12.0489510618156
12.0469446417792
12.0452076601502
12.0437440255842
12.0425554702913
12.0415486289139
12.0406271946333
12.0397917121786
12.0390485667773
12.0384038950056
12.0378631352651
12.0374309884997
12.0371114105221
12.0369076108267
12.0368220561059
12.03709263748
12.0379670756472
12.0394487287584
12.0415182852311
12.0441492631841
12.0473098129238
12.0509634901645
12.0550699216534
12.0595854268456
12.0644636019091
12.0694583158342
12.0743163392357
12.0789893923107
12.0834443013311
12.0876510385805
12.0915827281002
12.0952156259895
12.0985290996309
12.1015056056801
12.10413066277
12.1063318329124
12.1080366566876
12.109238046359
12.1099373685156
12.1101407835266
12.1098587803355
12.1091058226824
12.1079000016243
12.1062626888727
12.1042181914581
12.1019047521645
12.0994678568529
12.0969404097392
12.0943470582665
12.091710680717
12.0890526118021
12.0863926691078
12.0837491662498
12.0811389249334
12.0785772879457
12.0761031113498
12.0737547343015
12.0715432876937
12.0694764179639
12.0675597823279
12.0657972001018
12.0641907614644
12.0627409345112
12.0614466728605
12.0603055238874
12.0592616449512
12.0582552120081
12.057278721113
12.0563289059632
12.0554033774169
12.0545001448545
12.0536175346892
12.0527541436747
12.0519088000784
12.0510805294397
12.0501562735117
12.0490183657702
12.0476648681676
12.0461036415042
12.0443455880906
12.0424042368344
12.0402953859022
12.0380367640754
12.0356477089253
12.0331488603626
12.0305536014163
12.0278763835872
12.0251414349228
12.0223739347894
12.0195991542965
12.0168422898721
12.0141282563747
12.011481488975
12.0089257566839
12.0064839871583
12.0042836905342
12.0024536008632
12.0010103718775
11.9999602958253
11.9993056198362
11.9990448223169
11.9991728528958
11.9996813771907
12.0005590275026
12.0017916590694
12.003378130526
12.005318148887
12.0075956872319
12.0101910771137
12.0130820304474
12.0162439589705
12.0196503033681
12.0232728557124
12.027082072803
12.0310473791788
12.0351762517888
12.0394744275993
12.0439048818106
12.048428181107
12.0530053669746
12.0575983171948
12.0621699793319
12.0666845803739
12.0711078191834
12.0754070422632
12.079461893568
12.0831493817729
12.086440369862
12.0893164272145
12.0917641620582
12.0937745608619
12.095342745195
12.0964677503128
12.0971522994836
12.0974025727178
12.0972068751546
12.0965552293131
12.0954618938715
12.0939456486226
12.092028090897
12.0897332087429
12.0870870898453
12.0841176416485
12.0808543149794
12.0773278316577
12.0737540864526
12.0703580777173
12.0671754455012
12.0642248478261
12.0615200246957
12.0590713228447
12.0568859839818
12.0549683383736
12.0533199869566
12.0519399797986
12.0506325403382
12.0491953506686
12.0476253795303
12.0459325667743
12.0441283372542
12.04222549568
12.0402379974346
12.0381807242679
12.0360692735129
12.0339197574989
12.0318742928105
12.030078592164
12.0285471345475
12.0272835609781
12.0262882825766
12.0255589826143
12.0250908512776
12.0248768024429
12.0249076869222
12.025172502792
12.0256060817241
12.0261377144013
12.0267480289246
12.0274219911337
12.0281457882002
12.0289065150397
12.0296921306346
12.0304914365029
12.031294059455
12.032090436476
12.032884173799
12.033681242147
12.0344764021361
12.0352636176437
12.0360369507056
12.036790660555
12.0375192406448
12.0382174486821
12.0388803334747
12.0395032588203
12.0401057361904
12.0407074437571
12.0413026924554
12.0418842446916
12.0424450525509
12.0429784635393
12.0434782436245
12.043938586484
12.0443541209157
12.0447199172317
12.044840771228
12.0445108145054
12.0437193550082
12.0424749090852
12.0407914900671
12.038686106984
12.0361783801168
12.0332903274901
12.0300461647524
12.0264720978949
12.0227139561076
12.0189282197333
12.0151544204238
12.011421216295
12.0077545097412
12.004178681144
12.0007166637056
11.9973899236569
11.9942184351264
11.9912206606016
11.9883979888755
11.9857641269607
11.9833605015109
11.9812247500185
11.9793888331827
11.9778792509545
11.9767173221919
11.9759194659637
11.9754974830935
11.9754588386912
11.9758724102059
11.9768116938751
11.9782836689627
11.9802840619714
11.9828018014667
11.9858198535188
11.9893159645514
11.9932633673943
11.9976314495672
12.0023863812976
12.0075937929942
12.0133102465933
12.019474938219
12.0260199529029
12.0328785384491
12.0399857975097
12.0472787909602
12.0546966348951
12.0621806175747
12.0696743283974
12.0770923223436
12.0843484422877
12.0913902841788
12.0981719478059
12.1046518717109
12.1107926247401
12.1165608436344
12.12192717264
12.1268661952685
12.1313563575843
12.1352182878775
12.1382751243051
12.1405251691302
12.1419820372674
12.142663748067
12.1425923471027
12.1417938390612
12.1402980765052
12.1381385889195
12.1353523585778
12.1319966371751
12.1281335026564
12.1238109657471
12.119077256097
12.1139815086868
12.1085735306276
12.1029035398239
12.0970218868895
12.0909787667091
12.0848239251888
12.0786676044263
12.072620191221
12.0667262057493
12.0610233943658
12.0555464051137
12.0503267659444
12.0453928137552
12.04076963915
12.0364790512311
12.0325395637046
12.0290925057937
12.0262820833735
12.0241198380897
12.022602571314
12.0217202120962
12.0214565840197
12.0217900265191
12.022693994289
12.0241376381042
12.0260863647507
12.0284131070553
12.0309819436239
12.0337451051346
12.0366622762916
12.0396951679299
12.042807167934
12.0459633670791
12.049130610595
12.0522775508757
12.0553746981024
12.058458887814
12.0615718029086
12.0646908864222
12.0677898762035
12.0708428136445
12.0738244580111
12.0767104797998
12.0794776250419
12.0821038628307
12.0845685170278
12.0868049886144
12.0887459581705
12.0903743570572
12.0916791679748
12.0926525499808
12.093289525837
12.0935878517837
12.0935478917429
12.0931724848473
12.0924668060187
12.091265759128
12.0893984147134
12.0868733777313
12.0837168091353
12.0799611448876
12.0756438231103
12.0708065997519
12.0654949221482
12.0597573264265
12.0536448574105
12.0470996141177
12.0400581967125
12.0325701676755
12.0246954670437
12.0164970610295
12.0080396575135
11.9993890512083
11.9906115513705
11.9817734532665
11.9729405497952
11.9643281136739
11.9561623482866
11.9485178645846
11.9414522069289
11.9350147833726
11.929247589493
11.9241853988195
11.919855952499
11.916280181335
11.9134724589111
11.9115365732943
11.9105845134765
11.9106321227629
11.9116772139458
11.9137058041977
11.9166935737293
11.9206071202985
11.9254051450861
11.9310395700048
11.9374565819078
11.9445823845399
11.9523330372772
11.9606322561107
11.9694045620645
11.978575371462
11.9880712808896
11.9978203492211
12.0077523689825
12.0177991231254
12.0278946238641
