0
-5.19891523273197e-13
-7.69613017122514e-12
-3.50157580669961e-11
-9.84753506891363e-11
-2.13488657057071e-10
-3.93375383557066e-10
-6.48650990434381e-10
-9.86732982447473e-10
-1.41186850500534e-09
-1.92518688533287e-09
-2.43553423579542e-09
-2.8455608186686e-09
-3.13819178045019e-09
-3.28378578716188e-09
-3.23603664482701e-09
-2.93488044645116e-09
-2.30884759412771e-09
-1.27675646534519e-09
2.50847398933504e-10
2.37028123195042e-09
3.7590081296413e-09
2.81442321547608e-09
-4.12677009571661e-10
-5.62238897644421e-09
-1.24635026547641e-08
-2.05768203683472e-08
-2.96095586174627e-08
-3.9222162878813e-08
-4.90921322163516e-08
-5.89168052157305e-08
-6.66028870848349e-08
-7.06455716689182e-08
-7.19230724509732e-08
-7.13259264966881e-08
-6.9598615163696e-08
-6.7368241718931e-08
-6.51788023259522e-08
-6.3516831127677e-08
-6.2829076616924e-08
-6.35339828497017e-08
-6.66202534988158e-08
-7.38234921010451e-08
-8.62367324808839e-08
-1.04474041863438e-07
-1.28848522343828e-07
-1.59412908998931e-07
-1.95831281648585e-07
-2.37603810072756e-07
-2.84162286833801e-07
-3.34888554716631e-07
-3.82031667771273e-07
-4.18218785212707e-07
-4.44727772604458e-07
-4.6330222083476e-07
-4.75397092570755e-07
-4.82168367585498e-07
-4.84531608799976e-07
-4.83218339828443e-07
-4.78822025849713e-07
-4.71833529913017e-07
-4.73841622076913e-07
-4.94298742478363e-07
-5.29301276018966e-07
-5.75215367719841e-07
-6.29407513920617e-07
-6.89977286818361e-07
-7.55510715245405e-07
-8.2490943491207e-07
-8.97276140536038e-07
-9.71838507904332e-07
-1.04050171357339e-06
-1.09578995090244e-06
-1.13923117368385e-06
-1.1727297713188e-06
-1.19786665038667e-06
-1.21594705726027e-06
-1.22809614339889e-06
-1.23533735578023e-06
-1.238650125567e-06
-1.23900974216308e-06
-1.23606671468677e-06
-1.22606021240189e-06
-1.22268259058124e-06
-1.25785126332961e-06
-1.36697403699159e-06
-1.58697756737749e-06
-1.95298668002621e-06
-2.49571820038254e-06
-3.23961104720976e-06
-4.20160008659152e-06
-5.38695649312931e-06
-6.79026802966121e-06
-8.40221108193642e-06
-1.02089937006344e-05
-1.21932273447916e-05
-1.43346766378905e-05
-1.6610842878397e-05
-1.89973401995133e-05
-2.14681193145122e-05
-2.39956051544557e-05
-2.65337272028542e-05
-2.90211156962956e-05
-3.14015904074917e-05
-3.3621869607123e-05
-3.56314524015629e-05
-3.73825603412121e-05
-3.88301134170111e-05
-3.9931759871134e-05
-4.06479732614686e-05
-4.0942207397844e-05
-4.07588603958649e-05
-4.00548640347268e-05
-3.88249273039482e-05
-3.70671322836307e-05
-3.47791448508622e-05
-3.19585931790601e-05
-2.86039915449471e-05
-2.4715430510075e-05
-2.02950312274675e-05
-1.53472318948604e-05
-9.79264378040353e-06
-3.5126233835271e-06
3.54940723541887e-06
1.14286736309398e-05
2.01449619747216e-05
2.97045635425242e-05
4.01017784967955e-05
5.13202656840925e-05
6.33342703323757e-05
7.6109743409201e-05
8.95893218326069e-05
0.000103696639820491
0.000118358059190109
0.000133499192375484
0.000149044664982978
0.000164918292252318
0.000181043288838996
0.000197342453412398
0.000213738327951695
0.000230153342603158
0.000246196979215684
0.000261480780677191
0.000275966684155359
0.000289648216650607
0.000302509807757077
0.00031452494892382
0.000325661441150418
0.000335885607646426
0.000345165201044872
0.00035347148466365
0.000361030787245719
0.000368061226456385
0.000374508954955917
0.000380314461132079
0.000385431837859812
0.000389828833180669
0.000393485588349283
0.000396393351343802
0.000398553256765291
0.00039997517671098
0.000400336780279184
0.000399348912930675
0.000397104901602983
0.000393710432355455
0.000389266700563096
0.000383877472600934
0.000377650014726624
0.000370694840193481
0.000363124968142908
0.000355054847835811
0.000346921048931359
0.00033913854433069
0.00033176287639269
0.000324816013656869
0.000318310839418339
0.00031225596703378
0.000306656380162737
0.000301513744883617
0.000296826710002737
0.000292591232378011
0.000288846972674465
0.000285628936349973
0.00028292037119321
0.000280700137186093
0.000278946501050645
0.00027763802743975
0.000276753822314691
0.000276273679660397
0.000276178177763497
0.000276448732529793
0.000277047732502382
0.000277946750362399
0.000279146128884697
0.000280645494373058
0.000282442279941855
0.000284531882836832
0.000286907781392488
0.000289561608036697
0.000292483190858444
0.000295660575194845
0.00029922579218613
0.000303313201405934
0.00030790234884273
0.000312959043022285
0.00031844505114609
0.000324319162900618
0.000330537455017649
0.000337053513326266
0.00034381866914852
0.000350782256592079
0.00035774219015732
0.00036448353465627
0.000370942395659268
0.000377068320407524
0.000382815131798035
0.000388140304164281
0.000393005177423094
0.000397375208136182
0.000401220194690688
0.000404514466560925
0.00040710511830099
0.000408834891982907
0.00040968442648802
0.00040965031015364
0.000408736154498354
0.000406951182562323
0.000404310144268444
0.000400833267782396
0.000396546144767553
0.000391479540994926
0.000385632169009166
0.000379019442347541
0.000371713229950871
0.000363791657113146
0.000355335804563008
0.000346429380887838
0.000337158219399858
0.000327609692299372
0.000317872065855588
0.000308033809890764
0.000298399645172924
0.000289285354625207
0.000280780424870109
0.000272951275333586
0.00026585353036582
0.0002595318789323
0.000254020138505768
0.000249341479574409
0.000245508787640504
0.000242525147896246
0.000240391269234097
0.000239084083317881
0.00023855275850788
0.000238744758894122
0.000239607868909517
0.000241090430829142
0.000243141369424729
0.000245710228373518
0.000248747228583971
0.000252203343008797
0.000256061179180104
0.000260308602476178
0.000264905403559278
0.00026980808671208
0.000274972014743588
0.000280351990616137
0.000285902674558457
0.000291578962750162
0.000297336336143632
0.000303131180092009
0.000309065917150638
0.000315253678411149
0.000321661896615866
0.000328246244673619
0.000334960129652372
0.000341755708100998
0.000348584289711714
0.000355396657052462
0.000362143346065799
0.000368774899226443
0.00037501620087715
0.000380580006718734
0.000385412382624456
0.000389480841108925
0.000392760712678119
0.000395234708636035
0.000396892775792851
0.000397731929075563
0.000397756042085271
0.000396975592147151
0.000395220989675859
0.000392318143006351
0.000388288417207017
0.000383174729628607
0.000377029004414297
0.000369910178913706
0.000361883360458549
0.000353019058941508
0.000343392421955563
0.000333082470500047
0.000322262892354503
0.000311118521677359
0.000299746814379355
0.000288237588666994
0.000276677974931071
0.0002651524037906
0.000253742296241772
0.000242525741314606
0.000231577184410832
0.000220967132266528
0.00021086561950771
0.000201446155781036
0.000192773150447254
0.000184896006485678
0.000177855559842244
0.000171684590242504
0.000166408049880704
0.000162043305459379
0.000158600410036236
0.000156082402481815
0.000153956134073092
0.000151644295227598
0.000149101231499938
0.000146329832614506
0.000143345429320014
0.00014017159361039
0.000136838942540232
0.000133384170248156
0.000129849118052314
0.000126279874195435
0.000123368987080904
0.000121823918821288
0.000121672433770477
0.000122881999570136
0.000125408370702326
0.000129203188714331
0.000134214928230517
0.000140389248718304
0.00014766925465811
0.00015599571909918
0.000165027449414148
0.000174438404180793
0.000184215966757909
0.000194361948697913
0.000204872497443577
0.000215737459947857
0.000226940910715918
0.000238461730308762
0.000250274161613477
0.00026234834500384
0.000274904482764981
0.000288167096597069
0.000302091891745929
0.000316608080774726
0.000331636499203834
0.000347092043123877
0.000362885125055915
0.00037892300213268
0.000395111030431291
0.000411353842896345
0.000427480842033378
0.000443300403732555
0.000458683697678893
0.000473519149753196
0.000487708782207664
0.00050116744487024
0.000513822263606852
0.000525612075415435
0.000536486840492055
0.000546407036778299
0.000555315972241784
0.000563177600913237
0.000570003594732955
0.000575812190547823
0.000580625370637346
0.000584468696054332
0.000587371255269295
0.000589365574737578
0.000590487485406638
0.000590775948989836
0.00059012404078678
0.000588436955853633
0.000585788877013989
0.000582263286343452
0.000577943508137385
0.000572913141504925
0.000567256076242719
0.000561056360351112
0.000554397971523323
0.000547364512099449
0.000540137449283105
0.00053289021549683
0.000525682654214352
0.00051856615086931
0.000511589929051463
0.000504801025425893
0.000498243934911608
0.000491960281902034
0.000485988539888969
0.000480363800325165
0.000475005290216461
0.000469825071403713
0.000464847986511528
0.000460105314975035
0.000455627485375294
0.000451443250729836
0.000447579345721862
0.000444060220273957
0.000440907821649228
0.000438141421625816
0.000436199901220749
0.000435514831989842
0.000436061196194149
0.000437776475125591
0.000440591727905114
0.000444436712626287
0.000449240661421176
0.000454932603499885
0.000461441561347353
0.00046869667082148
0.000476211828652001
0.00048348698428449
0.000490455071441023
0.000497083491033291
0.000503346613327466
0.000509223215376492
0.000514696227140617
0.000519752635621764
0.00052438339497327
0.000528583328338077
0.000532663924190513
0.000536963957660938
0.000541511416843708
0.000546307693708146
0.000551346373435598
0.000556614653540371
0.000562094109039253
0.000567761398577519
0.000573588945714121
0.000579545597258917
0.000585454897717688
0.000591125826217483
0.000596507747723318
0.000601564075599154
0.00060626361491981
0.000610579743173721
0.000614490264678209
0.000617977299031706
0.000621027158762348
0.000623630212703567
0.000625970959082196
0.000628258661055155
0.000630521117226596
0.000632768982109604
0.000635006424065322
0.000637231531231814
0.000639437123131006
0.000641611542966004
0.000643739398253936
0.000645802255960418
0.000647620303368906
0.000648998521148153
0.000649899053407673
0.000650300745616049
0.000650189279649787
0.000649555925552035
0.000648397084761297
0.000646713907994264
0.000644511935692104
0.000641800755086367
0.000638280654744094
0.000633638226707836
0.000627883879969776
0.000621061303065491
0.000613225845424122
0.000604440692756239
0.000594775753977484
0.000584306778126117
0.000573114509098954
0.000561283859837977
0.00054919885077853
0.000537258210185613
0.00052555349841597
0.000514147263714808
0.000503094043750094
0.000492444216790843
0.000482244301464885
0.000472536968463216
0.000463361042911256
0.000454751534300983
0.000446899820307425
0.000440017798456455
0.000434164402731754
0.000429376368057169
0.000425678165110196
0.000423083716757327
0.000421597235749135
0.00042121394416333
0.000421920733196995
0.000423696771537921
0.000426157595698978
0.000428897600466753
0.000431876837543071
0.000435081722654119
0.000438500941611272
0.000442123689238401
0.000445939495866427
0.000449938172654441
0.000454109775771505
0.000458444581636604
0.000463432093437239
0.00046960592452024
0.000476998597538845
0.000485593442626961
0.000495356333857616
0.000506238258785904
0.000518176731550063
0.000531097115937702
0.00054491392236927
0.000559532081865333
0.000574376649131774
0.000588818620090675
0.000602697123354243
0.000615897026177447
0.00062831844794527
0.000639874824107479
0.000650492769873636
0.000660111970640367
0.000668684985949605
0.000676176964121382
0.000682983669103148
0.000689542630348632
0.000695878385357893
0.000701983720019707
0.000707845924185711
0.000713448275963868
0.000718770999053696
0.000723792124199472
0.000728488271371376
0.000732835358084723
0.000736378325457242
0.000738634068150057
0.000739557585633972
0.000739150787268742
0.00073743368232705
0.000734440411512393
0.00073021757143152
0.000724822732392864
0.000718323007164932
0.000710793666467056
0.000702306475140676
0.00069293778264104
0.000682778321939506
0.000671923682742675
0.000660472497309255
0.000648525209455169
0.000636182986206965
0.000623546722087877
0.000610716134378912
0.000597788950216881
0.000585289017263072
0.000573781529775571
0.000563413061224239
0.000554281201819484
0.000546458233696822
0.000539991637543689
0.000534906033920336
0.000531205253636318
0.000528874415910374
0.000527881999713523
0.000527743401852564
0.000527932276198592
0.000528356410308654
0.000528962918268077
0.000529708638156934
0.000530557364758002
0.000531478974845881
0.000532448745181163
0.000533446744354745
0.000534457284202482
0.000535808734401817
0.000537818687821876
0.000540429294867288
0.000543557862567861
0.000547124509465779
0.0005510558126138
0.000555284419119169
0.000559748404233132
0.000564390690454969
0.000569158550993475
0.000574093643457642
0.000579238394381691
0.000584538500607966
0.000589935455330298
0.00059537378618323
0.000600801870542347
0.000606171685001944
0.000611438515104781
0.00061656070858991
0.000621499475777113
0.00062644652226193
0.000631648061888862
0.000637153007528744
0.000642981003337944
0.000649136292860931
0.000655609720613025
0.000662380237384447
0.000669416253160738
0.00067667687770441
0.000684113071656252
0.000691292491628359
0.000697734291020102
0.000703324904013041
0.00070799069184246
0.000711672429650953
0.000714322464920411
0.000715904244233319
0.000716391989886915
0.000715770351938974
0.000714034018004056
0.000711284006787635
0.000707632350331996
0.000703095916063405
0.000697689289853006
0.000691431570915531
0.000684346866602222
0.000676463971173945
0.000667815969913149
0.000658439831680217
0.000648375997642256
0.000637590975176653
0.000626084607702653
0.00061396977290059
0.000601359183401936
0.000588358876059608
0.000575069077724389
0.000561584517856357
0.000547994585372436
0.000534383399626947
0.000520829818390797
0.000507125730640978
0.000493004195470473
0.000478448698949226
0.000463476126953887
0.000448117238662931
0.000432411812838794
0.000416406885735449
0.000400155383820712
0.000383714896314804
0.000367146551281329
0.000350178913541095
0.000332590567766111
0.000314567703404376
0.000296314298082562
0.000278025007476022
0.000259885450691938
0.000242071639276018
0.000224749265717989
0.000208072996348341
0.000192185799279555
0.000177674383539671
0.000165095308914023
0.000154481210768928
0.000145810860329805
0.000139049027607854
0.000134151742156651
0.000131067426338554
0.000129737649453187
0.000130097832603823
0.000132077932830189
0.000135146423080879
0.000138732469587399
0.000142724057524572
0.000147059241579456
0.000151690175144887
0.00015657830845418
0.000161693079193782
0.000167010978842349
0.000172514732569092
0.000178192559837583
0.000184278532070452
0.000191017437825995
0.000198402735241939
0.000206407068952229
0.000215001675513895
0.000224158336143419
0.000233849450208422
0.000244047966587865
0.000254727314640795
0.000265861345269498
0.000278125317027678
0.000292270228818739
0.000308352784075655
0.000326340756325365
0.000346166064390242
0.000367732422071924
0.000390920206197303
0.000415590656939959
0.000441589593133842
0.000468750701299478
0.000496201449298138
0.000523023416358753
0.000549015152219655
0.000574050046515663
0.00059802053590383
0.000620832880705514
0.000642405923978915
0.000662670303809806
0.000681567835687617
0.000699051022828342
0.000715306282804864
0.000730538001644338
0.000744726996048206
0.000757842676572041
0.000769859779438249
0.000780759396488586
0.000790529108134492
0.000799163009865439
0.000806661680287791
0.000813032094042079
0.000818588079919116
0.000823688042729889
0.000828406105177658
0.00083278488910034
0.000836854574150293
0.000840633931817841
0.000844132119055453
0.000847350324790353
0.000850283205518251
0.000852920150997343
0.000854860864927243
0.000855675538919157
0.000855323637748211
0.000853804427183395
0.000851131937582939
0.000847333340928059
0.000842447676681679
0.000836524585322924
0.000829623053300973
0.000821810169824716
0.000813641473185227
0.000805675684924802
0.00079796042076997
0.000790504689145349
0.000783311899875099
0.000776382852993663
0.000769716104799517
0.000763308140814791
0.00075715353324118
0.000751245094750074
0.000745385814125566
0.000739396266168967
0.000733311857986541
0.000727173248536928
0.00072101453731153
0.000714864885504806
0.000708749039259947
0.00070268772440288
0.000696698006916675
0.000690793617523201
0.000684738042438563
0.00067826575456709
0.000671350777153038
0.00066399342303818
0.000656203979986442
0.000648000403675837
0.000639407272920812
0.000630454885381576
0.000621178409934824
0.000611617087309138
0.000601990901319552
0.000592540578052474
0.000583335873453314
0.000574429377304372
0.000565866893448914
0.000557687699720164
0.000549924842017191
0.000542605431113572
0.000535750931758217
0.00052937744821651
0.000523260264724155
0.000517137272614868
0.00051096659754181
0.000504732443975539
0.00049842877673819
0.000492056160736978
0.000485620701591124
0.00047913323478504
0.000472608597960195
0.00046606496356377
0.000459660419714882
0.000453571820495832
0.000447845320805224
0.000442512136290523
0.000437597571936483
0.000433122133961917
0.000429101881682256
0.000425548711183684
0.000422470625476677
0.000419871995770297
0.000417354749952814
0.000414523492843278
0.000411414336338091
0.000408091311921284
0.000404617416022776
0.000401054225728669
0.000397461803792876
0.000393898562572448
0.000390421107696431
0.00038708406362146
0.000384515140093536
0.000383364055935608
0.000383677991774751
0.000385445354900785
0.000388635932858109
0.000393203871609638
0.000399089626053799
0.000406221790926932
0.000414518836363946
0.000423890745228943
0.00043429545672829
0.000445654897285064
0.000457801572137034
0.000470571509028876
0.000483811061448873
0.000497376828521807
0.000511134966565636
0.000524960602759435
0.000538737366151132
0.000552357007888895
0.000565102704157133
0.000576256373840633
0.000585763390273666
0.000593629283284583
0.000599873455799881
0.000604526219670456
0.000607628137763118
0.000609229479310556
0.000609389641284329
0.000608176520970763
0.000605844040193221
0.000602686119360398
0.000598840934151366
0.000594429053144859
0.000589563441357072
0.000584349614040673
0.000578886143957338
0.000573265025498948
0.00056757189295084
0.000561886139607858
0.000556340502827097
0.000551043497238334
0.000546018583641025
0.000541283258463763
0.000536853835226736
0.000532745335273371
0.000528971302486133
0.000525543650148775
0.000522472541282711
0.000519766300214578
0.000516940600041658
0.000513501443509246
0.000509469087591928
0.000504902035712759
0.000499865482332427
0.000494430200319115
0.000488671479077499
0.000482668104257887
0.000476501401441243
0.000470254333298781
0.000464775792778167
0.000460927661611242
0.000458765618381815
0.000458276946185305
0.000459427663780432
0.000462166147313133
0.000466425505700205
0.000472125823261529
0.000479176297785687
0.000487477251274886
0.000497227202406012
0.000508629127900824
0.000521564694701595
0.000535884610875034
0.000551430946919008
0.000568040775879552
0.000585548394647369
0.000603787132558657
0.000622590861544065
0.000641795257657805
0.000660709249657239
0.000678620875061887
0.000695368410804869
0.000710846810739031
0.000724971937126188
0.000737676883632173
0.000748910893782921
0.000758638461802535
0.000766838454767599
0.00077350324311863
0.000778744313806715
0.000782686470782035
0.000785352099172245
0.000786763388619007
0.000786948891255602
0.000785943609715892
0.000783788445762484
0.000780529623830293
0.00077621813229982
0.000770909184378251
0.000764526929157465
0.000757004504469015
0.00074842735232187
0.000738893161123202
0.000728502241086274
0.000717356679896366
0.000705559781039816
0.000693215491321395
0.000680427809208492
0.000667300181131739
0.000653808622787459
0.000639902423522
0.000625640012451014
0.000611092402317716
0.000596334907716431
0.00058144477621
0.000566500175527074
0.000551579392574718
0.000536760145302999
0.00052211899085787
0.000507551047357972
0.000492968013829944
0.000478490404253916
0.000464248735259762
0.000450369215314379
0.000436972187444806
0.000424171672800118
0.000412074998015093
0.000400782437106199
0.000390386866933149
0.000381365970389305
0.000374195091726586
0.000368924737847671
0.000365561050224012
0.000364093942380737
0.000364501159884217
0.000366749534068446
0.000370795954187757
0.000376588250027802
0.000384066005916997
0.000393539640416709
0.000405343525816051
0.000419425840467199
0.000435692578801384
0.000454034161644313
0.000474329076391546
0.000496445462665072
0.000520242286572398
0.0005455702917808
0.000572272805995759
0.000599876068183694
0.0006278991810306
0.000656196689091505
0.000684639735078525
0.000713093285254719
0.000741415680505229
0.000769460392209094
0.000797077939863114
0.000824117757631013
0.000850429988628941
0.00087584422675538
0.000900171471947996
0.000923230428290257
0.000944858553437247
0.000964912518888522
0.000983267830788566
0.000999818382328395
0.00101447599567547
0.00102716995561517
0.00103784652997061
0.00104672429218845
0.00105403856926456
0.00105976586247221
0.00106387721032905
0.00106635535034895
0.00106719571275113
0.00106640568903163
0.0010640037876489
0.0010600187927722
0.00105448893763732
0.00104696051731432
0.0010369685326711
0.00102457752408879
0.00100990569234983
0.000993089339188064
0.000974277627912464
0.000953630620313768
0.000931317548763416
0.000907515110566989
0.000882405781406931
0.000856276425207335
0.000829467490898217
0.000802258459374707
0.000774914641374794
0.000747689120550686
0.000720821299084338
0.000694535500390028
0.00066903964291543
0.000644524029722045
0.000621160298820724
0.000599023140635797
0.000578147986445712
0.000558620068303027
0.000540516524196761
0.000523902409937181
0.000508830634211154
0.000495342167854554
0.000483466366570415
0.000473221386170161
0.00046461467672955
0.000457967467570693
0.00045359179247498
0.000451443382342024
0.000451440488421822
0.000453488958746459
0.000457485915288558
0.000463321481906688
0.000470880225463328
0.000480042439265825
0.000490685289217611
0.000502441626519023
0.000514945107008789
0.000528089755850502
0.00054179055361954
0.000555965897766476
0.00057053656739536
0.000585425747521496
0.000600559117182964
0.00061586493597662
0.000631274126642131
0.000646448770266125
0.000661020375143335
0.000674888705156137
0.000687988727284131
0.000700271974203997
0.000711704102352965
0.000722263803080213
0.000731941821381595
0.000740739997759678
0.000748670328092641
0.000756094452674915
0.000763386878733305
0.000770566952861765
0.00077762932629179
0.000784568805292416
0.000791382800932814
0.000798071265150274
0.000804636449614456
0.000811082667673633
0.000817416074172623
0.000823782655095551
0.000830363370464161
0.000837221108037715
0.00084439881342343
0.000851927976964096
0.000859830233349393
0.000868118512113755
0.000876798037395732
0.000885867214741545
0.000895318423906846
0.000905156125160467
0.000915383189625421
0.000925982686055167
0.000936931131162636
0.000948200137601685
0.000959757154945571
0.000971566135625578
0.000983588159997789
0.000995782025163265
0.00100810480009004
0.00102035937373111
0.00103232800477396
0.00104394101390742
0.00105514812265299
0.00106590845178335
0.00107618923220123
0.00108596529323724
0.00109521861642287
0.00110393790039596
0.00111211813061611
0.00111980656622268
0.00112706743308948
0.00113392929178321
0.00114041782096462
0.00114655825025933
0.00115237557279634
0.00115789465323362
0.00116314029993667
0.00116813730877289
0.00117291048265616
0.00117707767666246
0.00118023671499589
0.00118240519340488
0.00118363863444056
0.00118400338413813
0.00118357398485089
0.0011824319321011
0.00118066453512154
0.00117836380314511
0.00117562535852647
0.00117270886092126
0.00116987935862984
0.00116723233494015
0.00116484798477674
0.00116280173922465
0.0011611650588042
0.00116000519233561
0.0011593849057567
0.00115936225693947
0.00115999042151242
0.00116127857388001
0.00116323473780553
0.00116590721036149
0.00116934117935354
0.00117357566114736
0.0011786432967178
0.0011845704413863
0.00119137730894145
0.00119907814938167
0.00120768145546885
0.00121750793718964
0.00122888663201052
0.00124181215633474
0.00125624512184349
0.00127213511287245
0.00128942407626564
0.00130804737891452
0.00132793460529397
0.00134901026636077
0.00137119444436663
0.00139446069627802
0.00141878894360601
0.00144410302586309
0.00147031540067396
0.00149733125576796
0.00152504974089314
0.00155336501201568
0.00158216721627666
0.00161134343234311
0.00164077857364301
0.00167015077424051
0.00169912917684283
0.00172759518921268
0.00175544992051707
0.00178260222768131
0.00180896853987861
0.00183447312464505
0.00185904836470185
0.00188263501164915
0.00190518240467819
0.00192671342870368
0.00194726654458695
0.00196682680695482
0.00198538208961532
0.00200292663927221
0.00201946135183147
0.00203499369821083
0.00204953758038423
0.00206311313811302
0.00207574651026002
0.00208742643085693
0.00209814534612453
0.00210794564370384
0.00211687825308723
0.00212499953951042
0.00213237049540391
0.00213905615388942
0.00214512500424301
0.00215064839961915
0.00215569996046957
0.00216050144177575
0.00216528937192682
0.00217015717840728
0.00217518420931426
0.00218044366963694
0.00218600341339594
0.00219192575414147
0.00219826723035032
0.00220507838343433
0.00221240355499138
0.002220143262761
0.00222819584418621
0.0022366028629932
0.00224540990736639
0.00225465813210462
0.00226438290098319
0.00227461358975976
0.00228537344189647
0.00229667942304939
0.0023085420715219
0.0023209455000877
0.00233385509515151
0.0023472388243779
0.00236106094872066
0.00237528176786731
0.00238985762180707
0.00240474099442606
0.00241988067852568
0.00243522200302985
0.00245070712370273
0.00246656630679542
0.00248299548992221
0.00249985733438378
0.0025169999999567
0.00253427095831337
0.00255151973504185
0.002568599388732
0.00258536794331285
0.00260168978845522
0.00261743702810107
0.00263233736859744
0.00264609283025821
0.00265854501948781
0.00266957084790084
0.00267907931213791
0.00268701039631621
0.00269333338396368
0.0026980446024391
0.00270116472220582
0.00270273577991951
0.00270290834173652
0.00270189440834927
0.00269986406994321
0.0026969780126831
0.00269338946846237
0.00268924467600466
0.00268468320793529
0.00267983816140042
0.00267483620071784
0.00266979744503332
0.00266449107592788
0.00265866194069432
0.00265238956352472
0.00264576837155563
0.00263889608312754
0.00263187293241411
0.00262480054759916
0.00261778076908425
0.00261091442451756
0.00260430005940547
0.00259835889681963
0.00259353253438379
0.00258994135840608
0.00258767458514336
0.0025867952411837
0.00258733639970894
0.00258929994193964
0.00259265651494214
0.00259734671541717
0.00260328343036381
0.00260996532606738
0.00261682716874168
0.00262365858366171
0.0026302864828582
0.00263656496594987
0.00264237478186226
0.00264762277197573
0.00265224083994149
0.00265618446397015
0.00265943081466118
0.00266200883512421
0.00266399861919117
0.00266548698129783
0.00266655469892443
0.00266727603837863
0.00266771888969637
0.00266794493330285
0.00266800980197082
0.00266796323999657
0.00266784926325313
0.00266789831956447
0.00266832800547569
0.00266914682217004
0.00267034340480214
0.00267189518539486
0.00267377001536091
0.00267592781472527
0.00267832234518439
0.0026809030340135
0.00268361678565003
0.00268641310181432
0.00268923529565664
0.0026920207906651
0.00269471426956016
0.00269726876374265
0.00269964601716687
0.00270181657334239
0.0027037596499181
0.00270546282365468
0.0027069215479409
0.00270808513850147
0.00270892242238895
0.00270947053691686
0.00270977409376366
0.00270988135148808
0.00270984251308044
0.00270970828128218
0.00270952855984203
0.00270935130342835
0.00270922151785285
0.0027091799712844
0.00270925496934162
0.00270946605829093
0.00270982767163067
0.00271034902781886
0.00271103412475596
0.00271188190073943
0.00271288653880669
0.00271403788976511
0.00271532198920179
0.00271674878437917
0.00271833086716728
0.00272005108697873
0.00272188809245012
0.00272381815966912
0.00272581577282275
0.00272785416746532
0.00272990582938852
0.00273194294339407
0.00273393779017983
0.00273581043306402
0.00273748008131778
0.00273892286704439
0.00274011962600958
0.00274105360926848
0.00274171056344279
0.00274207887869239
0.0027421497184462
0.00274191712880207
0.00274137812625103
0.00274049770596372
0.00273923384100009
0.00273757723687661
0.00273552823990146
0.00273309529816854
0.00273029429588335
0.00272714797684284
0.00272368529054341
0.00271994067389719
0.00271595328531388
0.00271178306717024
0.00270751682669433
0.00270324626521229
0.0026990571212437
0.00269502752437742
0.00269122688462919
0.00268771500924995
0.00268454148570517
0.00268174534957263
0.00267935503500738
0.00267741686820969
0.00267593758133496
0.00267486218754001
0.00267413797329393
0.00267371739833407
0.00267355782986877
0.00267362111298905
0.00267387323409235
0.00267428404381405
0.00267482701243015
0.00267550559470615
0.00267634640329334
0.00267736713380302
0.00267857723715854
0.0026799787172557
0.00268156699762701
0.00268333181502911
0.00268525811973233
0.00268732696495224
0.00268951637027729
0.00269178170140505
0.00269407122862426
0.00269634890276214
0.00269858447670912
0.00270075261369524
0.00270283245516642
0.00270480719035727
0.00270666362550748
0.00270839175874207
0.00270998436761828
0.00271143325031392
0.00271273954655833
0.00271391553504776
0.00271497242371508
0.00271591993249587
0.0027167664372351
0.00271751913254843
0.00271818418231974
0.00271876685702849
0.00271927165871046
0.00271971832731344
0.00272013040213678
0.00272051790556303
0.0027208880820487
0.0027212461196158
0.00272159537319191
0.00272193754979293
0.00272227288696364
0.00272260032744242
0.00272291769075877
0.0027232527422445
0.0027236322032931
0.00272404874523848
0.00272449222365879
0.00272495152795233
0.00272541494380314
0.00272587039324507
0.00272630565340015
0.00272670855819746
0.00272706718271441
0.00272731320195518
0.00272737610817028
0.00272724462299203
0.00272691373064524
0.00272638180516157
0.00272565023553177
0.00272472321418611
0.00272360751144732
0.00272231223400013
0.00272084857168131
0.00271924237011485
0.00271752750644293
0.0027157312433169
0.00271387801710442
0.00271198978864771
0.00271008621589421
0.00270818479830339
0.00270630100627923
0.00270444839899244
0.00270263873292632
0.0027008451241381
0.00269903108578697
0.00269719095290353
0.00269532335681363
0.00269342962545685
0.00269151338121286
0.00268958024590326
0.00268763754667018
0.00268569402086318
0.00268375952265117
0.00268187938958184
0.00268011128190692
0.00267848596891673
0.0026770270545634
0.00267575209190357
0.00267467296475576
0.00267379628887801
0.00267312386147044
0.00267265314709659
0.00267237778653863
0.00267220178684088
0.002672024156181
0.00267183083940704
0.00267161481936135
0.0026713722766694
0.00267110215340098
0.00267080575969099
0.00267048636221418
0.00267014876704069
0.00266979890793613
0.00266951129678059
0.00266935239799977
0.00266931222788781
0.00266937685224585
0.00266953183596237
0.0026697627617229
0.00267005553890536
0.00267039666158664
0.00267077342138918
0.00267117407629231
0.0026716109375549
0.0026720942615797
0.00267260975263046
0.00267314270343121
0.00267367939249493
0.00267420744955897
0.00267471609580885
0.00267519630261277
0.00267564087632441
0.002676044476297
0.00267639398909157
0.00267667919637405
0.00267690207373367
0.00267706754152133
0.00267718245519491
0.00267725496421201
0.0026772939394557
0.00267730847804654
0.00267730749154788
0.00267729937803165
0.00267729165100713
0.00267729038077711
0.00267729949339258
0.00267732076873338
0.00267735436012462
0.00267739924897219
0.00267745362562626
0.0026775152025855
0.00267758146666337
0.00267764987684033
0.00267772029536934
0.0026777939231979
0.00267787036186448
0.00267794813617617
0.00267802475676407
0.00267809685567216
0.00267816039066658
0.00267821090109331
0.00267824379463713
0.00267825464579144
0.0026782397634746
0.00267819751392441
0.00267812813573991
0.00267803345255561
0.00267791670172169
0.00267778233555188
0.00267763579409094
0.00267748325832074
0.00267733139344611
0.00267718709136925
0.00267706092962588
0.00267696512880419
0.00267691009492557
0.00267690617437613
0.0026769634732154
0.00267709160997254
0.00267729948454377
0.00267759507093364
0.00267798523672969
0.00267847559121583
0.00267907517560234
0.00267978943991634
0.00268061499520423
0.00268154621240482
0.00268257579778515
0.00268369507035797
0.00268489424491348
0.00268616271414779
0.00268748932149954
0.00268886261722647
0.0026902594780947
0.00269165722968146
0.00269304633422232
0.00269441827118811
0.00269576503937498
0.00269707921606791
0.00269835401135719
0.0026995833117167
0.00270076171352992
0.00270188454709728
0.00270294004479774
0.00270391568546343
0.00270480727833398
0.00270561264008741
0.00270633117920934
0.00270696375525887
0.00270751254194178
0.00270798087882488
0.00270837311393689
0.00270869444007945
0.00270895664039127
0.0027091728158699
0.00270935082477643
0.00270949749727601
0.00270961882066186
0.0027097199554798
0.00270980525576242
0.00270987829876832
0.00270994192266494
0.00270999827026465
0.00271006624699919
0.00271015769108462
0.00271026250042482
0.00271037084897345
0.00271047432598611
0.0027105660974874
0.00271064093190552
0.00271069516112721
0.00271072659044718
0.00271073436803332
0.00271072014105979
0.00271069056345869
0.00271065311798468
0.00271061464353285
0.00271058106849561
0.00271055723171368
0.00271054679331428
0.00271055222076965
0.00271057483219587
0.00271061488102555
0.00271067534540692
0.00271075815781371
0.00271086009369772
0.00271097693149301
0.00271110396366964
0.002711236288447
0.00271136904738502
0.00271149762056372
0.00271161778041966
0.00271172580574361
0.00271180734928037
0.00271184901947594
0.00271184939594668
0.00271180787974271
0.00271172410117672
0.00271159780672558
0.00271142880422225
0.00271121694298492
0.0027109621191665
0.00271066429879594
0.00271032868962072
0.00270996407756758
0.0027095766801058
0.0027091723425315
0.00270875657043255
0.00270833445715459
0.0027079106341386
0.00270748924336694
0.00270707393017253
0.00270666785364911
0.00270627966636638
0.00270591649435705
0.00270557771861056
0.00270526212792909
0.00270496837636888
0.00270469508679501
0.00270444091616871
0.00270420460179613
0.00270398499181804
0.00270378106232339
0.00270358940369
0.00270340690771259
0.00270323335637234
0.0027030685547712
0.00270291221299322
0.00270276395404398
0.00270262332781728
0.00270248982394232
0.00270236288342117
0.00270224190923414
0.0027021244820094
0.00270200888080889
0.0027018957256755
0.00270178634566782
0.00270168258907377
0.00270158669560489
0.00270150117225922
0.00270142867334345
0.00270137188673158
0.00270133342818468
0.00270131604336335
0.00270132121401611
0.00270134897139685
0.00270139868211473
0.00270146915783503
0.00270155874983917
0.00270166544506364
0.00270178696087939
0.00270192083603047
0.00270206451575277
0.0027022216649641
0.00270239636729069
0.00270258608434051
0.00270278787213957
0.00270299883120863
0.0027032162120584
0.00270343747028366
0.00270366029626619
0.00270388262447492
0.00270410262637115
0.00270431219596908
0.00270450283486699
0.00270467291210937
0.00270482148481607
0.00270494797598045
0.002705052155886
0.00270513413730662
0.0027051943651992
0.00270523360017088
0.00270525289615471
0.00270523726486828
0.00270517061704756
0.00270505310044059
0.00270488614496829
0.0027046718963998
0.00270441332128805
0.00270411432791535
0.00270377982496485
0.00270341571182421
0.00270302880202241
0.00270265147939202
0.00270232017752029
0.0027020456753151
0.00270183398082786
0.00270168713175565
0.00270160349892895
0.0027015782813233
0.00270160404505326
0.00270167126809775
0.0027017688680543
0.00270188423910013
0.00270200491616136
0.00270211965704376
0.00270221828491435
0.00270229179112985
0.00270233241349699
0.00270233367881817
0.00270229041289991
0.00270219872205867
0.00270205595035581
0.00270186149782404
0.00270161486564413
0.00270131431646605
0.0027009583134986
0.00270054569593884
0.0027000757536129
0.00269954827949292
0.00269896360735008
0.00269832263601521
0.00269762684124422
0.00269687041549953
0.00269604741545217
0.00269516114392507
0.00269421646203728
0.00269321924234729
0.00269217622108098
0.00269109486321555
0.00268998322083087
0.00268884978719918
0.00268770334999773
0.0026865739122809
0.00268549614507302
0.00268448524634872
0.00268355315045444
0.00268270945938432
0.00268196156415956
0.00268131473876733
0.00268077225139371
0.00268033548747827
0.00268000407960109
0.00267977286477004
0.00267963400949412
0.00267958022956077
0.00267960314990037
0.00267969348429003
0.00267984129997037
0.00268003627384941
0.00268026793221402
0.00268052587083557
0.00268079995323644
0.00268109943620206
0.00268143358761129
0.00268179168200769
0.00268216221916372
0.00268253413009209
0.00268289702978831
0.00268324137781684
0.0026835585964864
0.00268384115151647
0.00268408259825493
0.00268423842437851
0.00268426779147824
0.00268417298922551
0.00268395878199167
0.0026836301757117
0.00268319211330864
0.00268264934944821
0.00268200639799721
0.00268126752780044
0.00268043679150037
0.00267953807429015
0.00267860159245508
0.00267764094165671
0.00267666715482985
0.00267568953922034
0.00267471581281497
0.00267375224690273
0.00267280382224762
0.00267187439118208
0.00267096683922717
0.00267008036488895
0.00266920598118809
0.00266833175150033
0.00266744850479919
0.00266654964754594
0.0026656307330455
0.00266468907492189
0.00266372341218259
0.00266273362177972
0.00266172047498961
0.00266067918131056
0.00265960718908714
0.00265851040258118
0.00265739491646636
0.00265626656733704
0.00265513091317288
0.00265399323918808
0.0026528585657691
0.00265173165622794
0.00265061702359618
0.0026495180998586
0.00264844138589204
0.00264739591170762
0.00264638982862843
0.00264543018295436
0.00264452287694177
0.00264367265945856
0.0026428831360861
0.00264215679651904
0.00264149505743181
0.00264090651413085
0.00264039840133788
0.00263996896655941
0.00263961480649858
0.00263933160350288
0.00263911445228398
0.00263895810000125
0.00263885713119729
0.00263880610653464
0.00263879966277565
0.00263884573260102
0.0026389459517016
0.00263908346367546
0.00263924363988764
0.00263941444910917
0.00263958590428703
0.00263974963112361
0.00263989849865211
0.0026400263051729
0.0026401275178153
0.00264017179476746
0.00264013214234908
0.00264001264327126
0.00263981888955069
0.00263955645413412
0.00263923087684311
0.00263884771509704
0.00263841256219155
0.00263793103884527
0.00263740876649535
0.00263686012177903
0.00263629699605875
0.00263571926587681
0.00263512660046873
0.00263451908745452
0.0026338972350086
0.00263326193219535
0.00263261440488889
0.00263195617032563
0.00263128899118674
0.00263060446886273
0.00262989223422121
0.00262915175600343
0.00262838372797176
0.002627589521433
0.00262677109033801
0.00262593091008603
0.00262507192309584
0.00262419748770313
0.00262331132883107
0.00262246406747102
0.00262171015965434
0.00262105575323545
0.00262050244449477
0.00262004990027853
0.00261969618952057
0.00261943797259421
0.00261927067369555
0.00261918864320631
0.0026191853106134
0.00261916232635885
0.00261902191696071
0.00261876547454306
0.00261840050531723
0.00261793563355077
0.00261738015683104
0.00261674389434897
0.00261603705743106
0.00261527012382369
0.00261445371398247
0.00261360006803107
0.00261272426659703
0.00261184188215343
0.00261096704375469
0.00261011231511103
0.00260928868744182
0.00260850559542148
0.00260777095066136
0.00260709119110992
0.00260647134444702
0.00260594155906439
0.00260551058493083
0.00260514129163974
0.00260480167904049
0.00260446674111114
0.00260411769583563
0.00260374118770399
0.00260332853708563
0.00260287503582471
0.00260237929250028
0.00260194204874637
0.00260168386603892
0.00260163477077301
0.00260180992054426
0.00260221524013709
0.00260284910928497
0.00260370374681456
0.0026047664465643
0.00260602065077324
0.00260744686118345
0.0026089371081111
0.00261038510291313
0.00261177826348539
0.00261310902045765
0.00261437011562122
0.00261555441255053
0.00261665501622967
0.00261766539286515
0.00261857947450918
0.00261939174857593
0.00262005894597404
0.00262053675576681
0.00262082168258457
0.00262091561513531
0.00262082350971701
0.00262055288514774
0.00262011344110824
0.0026195167011634
0.00261877567386884
0.00261790453136815
0.00261698591985319
0.00261610370275803
0.00261527100806078
0.00261449286259878
0.00261377047051253
0.00261310214305026
0.00261248401328325
0.00261191061945691
0.00261137537113652
0.00261087091442369
0.00261042013422126
0.00261004074821866
0.00260971336492084
0.00260941837317217
0.00260913807992773
0.00260885681076911
0.00260856087884787
0.00260823852776505
0.00260787985627075
0.00260747672743375
0.00260697632403315
0.0026063217940372
0.00260550326607134
0.0026045209502329
0.00260338187415782
0.00260209846984305
0.00260068732986842
0.0025991680953304
0.00259756247482001
0.00259589338930592
0.00259422928200167
0.00259263693544817
0.00259113468376007
0.00258973195483574
0.00258843286923624
0.00258723758123703
0.00258614339814117
0.00258514568835297
0.00258423859082033
0.00258341554963109
0.00258263976473068
0.00258187193006646
0.00258110195836783
0.00258032453182084
0.00257953717501334
0.00257873970246806
0.00257793376142176
0.00257712242487897
0.0025763098288096
0.0025755008508766
0.00257470272352561
0.00257392561173766
0.00257317978864367
0.00257247328035498
0.00257181204158945
0.00257120024141294
0.00257064052021082
0.00257013421544362
0.00256968156025926
0.0025692818585246
0.00256894072921936
0.00256865995723073
0.00256843649156347
0.00256827137705457
0.00256816672038055
0.00256812352237561
0.00256814066637211
0.00256821491805692
0.00256834190573431
0.00256851813893955
0.0025687202465814
0.00256889630086855
0.00256899175267228
0.00256895312187047
0.00256873951918937
0.00256833707629296
0.00256777545802477
0.00256714584728946
0.00256661976085993
0.00256646800593216
0.00256728623989092
0.00256983144022506
0.00257477186371678
0.00258291038334028
0.00259520944746984
0.00261280051436952
0.00263698870855149
0.00266925323374713
0.00271124334335782
0.00276476975943684
0.00283138900319084
0.00291301668508981
0.00301239535291186
0.00313236267687814
0.0032757631335016
0.00344539931286112
0.00364398828620585
0.00387412011858029
0.00413821864580311
0.00443850490774186
0.00477731446381565
0.005156452706151
0.00557677818315661
0.00603886958834454
0.00654305588621967
0.00708940797673648
0.00767773317950896
0.00830757301849232
0.00897820405506585
0.00968864156807747
0.0104406969198181
0.0112369415886233
0.0120771855744025
0.0129604592378959
0.0138852012806113
0.0148493224475011
0.0158502602911415
0.0168850349456111
0.0179503059308813
0.0190424292029984
0.0201559525810491
0.021284322338348
0.0224218139348945
0.0235631209147353
0.0247033172866617
0.025837845861383
0.0269625107717305
0.028073473458072
0.0291672522874233
0.0302407252747362
0.0312930688612181
0.0323237076232752
0.0333301896964007
0.0343102965963386
0.0352622006978632
0.0361844803474534
0.0370761252459716
0.037936538275085
0.0387655338848324
0.0395633329414526
0.0403228979894118
0.041037627097074
0.0417096868318164
0.0423421905995954
0.0429386500737824
0.0435029207249299
0.0440391653971533
0.0445518163877097
0.0450455354932145
0.0455251723841542
0.0460063220920023
0.046504682853491
0.0470245003224476
0.0475691395891927
0.0481417239199999
0.0487451604415237
0.0493821500833598
0.0500551931665831
0.0507665920211825
0.0515184513559011
0.0523187514146829
0.0531769644701919
0.0540971338980776
0.055081839340654
0.0561325521017779
0.0572497473055517
0.0584330480078284
0.0596813587257025
0.0609929830092206
0.0623657246657025
0.0637914601018173
0.0652611690503662
0.0667711634696584
0.0683183548871184
0.0698998283939905
0.0715127510008498
0.0731543372651077
0.0748218271042199
0.0765124706997874
0.0782235189679665
0.079935499338311
0.0816291232904055
0.0833033949834198
0.0849586752662324
0.0865954204074094
0.0882140800694677
0.0898151064441214
0.0913989665875442
0.0929661516935296
0.0945171836829881
0.0960607273983991
0.0976053519020918
0.099150836115236
0.10069644915971
0.102241558962528
0.10378568639037
0.105328466504574
0.106869611960315
0.108408884291139
0.109946071923868
0.11149125447133
0.113053659062716
0.11463065488937
0.116218971024129
0.117815538838467
0.11941757985004
0.121022550530838
0.12262809249098
0.124231996369124
0.125832176916462
0.127431018810644
0.129031071228657
0.13063036474114
0.132226670839129
0.133817771476333
0.135401474299507
0.136975629992356
0.138538147335179
0.140087005981041
0.141620267390598
0.143140749675613
0.144650677129085
0.146146802501808
0.14762584929094
0.149084777728785
0.150520765097266
0.151931228344092
0.153313840875035
0.154666542558156
0.155987544583108
0.157252561538486
0.158438625439447
0.159548033266662
0.16058454059099
0.161552180798797
0.162455285224789
0.16329840908353
0.164086266268455
0.164823674153325
0.165515505798127
0.166178012564498
0.166826461696586
0.167463261354559
0.168090344297646
0.168709696413945
0.169323261761551
0.169932925591759
0.170540499179038
0.171147703839642
0.171756155402473
0.172357434206282
0.172943914633491
0.173519189844658
0.174087208956455
0.174651576302142
0.175215476686053
0.175781698028955
0.176352656264672
0.176930417073049
0.177516714860337
0.178123869146416
0.178764270256785
0.179438695658555
0.180146547232031
0.18088662124762
0.181657295890099
0.182456575065069
0.183282122795152
0.18413129815881
0.185001191824001
0.18589268603791
0.186805999907583
0.187736579379531
0.188679655082403
0.189630494149905
0.190584431168592
0.191536894017932
0.192483430481076
0.193419735222786
0.194341676494227
0.195236291395643
0.19609011305007
0.196898753781261
0.197658971097409
0.198368389072636
0.199025502525181
0.199629597935848
0.200180669002264
0.200679331040844
0.201126736460625
0.201529518877293
0.201894736766597
0.2022244638481
0.202520537922319
0.202784783299876
0.203019022456266
0.203225072124315
0.203404738040615
0.20355980926797
0.203692052261398
0.203792165865339
0.203851021441317
0.203871249792132
0.203856258305472
0.203809676383934
0.203735270154227
0.20363686708327
0.203518291691463
0.203383310813434
0.203235587420786
0.203087930285192
0.202953455216252
0.202835616017525
0.202736594010249
0.202657846764083
0.202600252621683
0.202564183709653
0.202549568845088
0.202555950445874
0.202582536517711
0.202623185184844
0.202671316401742
0.202725314316119
0.202783898513218
0.202845908659271
0.202910290232996
0.202976083393765
0.20304241325945
0.203108481282725
0.203173557639802
0.203243209954392
0.2033234058904
0.203413850143542
0.203513555963119
0.203621195754155
0.203735203041053
0.20385383632812
0.203975234999792
0.204097469175991
0.204218584070285
0.204332016459284
0.204430708226678
0.204512103638571
0.2045744044321
0.204616373605402
0.204637279627303
0.204636833001426
0.204615124630521
0.204572567172673
0.204509840272794
0.204432943515205
0.204347728340512
0.204254569457561
0.204153611641214
0.204045005095852
0.203928919559966
0.203805546112152
0.203675097775708
0.203537809611778
0.203393938388405
0.203238863874868
0.203068301352647
0.202883354875607
0.202685450852018
0.202476091057409
0.202256809922268
0.20202914626426
0.201794619922838
0.201554712268043
0.201310850152082
0.201066536844001
0.200824874862965
0.200586392441003
0.200351476046264
0.200120476263025
0.199893711927039
0.199671469091792
0.199454000215723
0.19924152383071
0.199034224666126
0.198832314531694
0.198636388006699
0.198447250328144
0.198265459903905
0.198091345158702
0.1979250397485
0.197766516192673
0.197615616477826
0.197472079657437
0.197335566554221
0.197205939495461
0.197082980147281
0.196966153800766
0.196854918191505
0.196748746729603
0.196647138643216
0.196549626749898
0.196455783610537
0.196365226230165
0.196277619435299
0.196194042732863
0.196114996935994
0.196039202850171
0.195965635218595
0.195893558987731
0.19582249283736
0.19575217431474
0.195682526613978
0.195613627232873
0.195545678717918
0.195478398287083
0.19541196285711
0.195347424060399
0.195285685917406
0.195227486452786
0.195173417153675
0.195123942928917
0.195079420601116
0.195040115967174
0.195006219449609
0.194977697915173
0.194954552707705
0.194936966757245
0.194925120048204
0.19491918021221
0.194919299617227
0.194925613373574
0.194938237932958
0.194957270214154
0.194982787200685
0.195015066504303
0.195054501728422
0.195101314583516
0.195155682917753
0.195217740990616
0.195287575394311
0.195365222372395
0.195450666746214
0.195543842273177
0.19564463324273
0.195751417225217
0.195862200219115
0.195976308953362
0.196093195432754
0.196212393275647
0.196333521786551
0.196456290605458
0.196580502318613
0.196706053207512
0.196832932365665
0.196961731585421
0.197092927173261
0.197226316109629
0.197361779399567
0.19749931450535
0.197639034821595
0.1977811642958
0.197926030407952
0.198074055854821
0.198225749168684
0.198383409010794
0.198549565141066
0.198725079307145
0.198910689032518
0.199107063689321
0.199314804220751
0.199534441095047
0.199766433036257
0.200011166598051
0.20026895648691
0.200539386130155
0.200821925882389
0.201116657026545
0.201423657603527
0.201742975622431
0.202074627044747
0.202418595607999
0.202774832962966
0.203143259040464
0.203523762634392
0.203918048630455
0.204328012476108
0.204753715277413
0.205194982739079
0.205651489237639
0.206122776792138
0.206608270337497
0.207107292646839
0.207619078982207
0.208142791374337
0.208678083665278
0.209225035474112
0.209783503822174
0.21035312472953
0.210933338671081
0.211523416958732
0.212122487663592
0.212729560764828
0.213343552316889
0.213963307462598
0.214581355526308
0.215189884083578
0.2157875784191
0.21637373681432
0.216947949032618
0.217510044399047
0.218060065815753
0.218598247046105
0.219124991900435
0.219640854984891
0.220153539258349
0.220671153655581
0.221194616865565
0.221724308995498
0.222260393841496
0.222802849828595
0.223351500965542
0.22390604526792
0.224466080778126
0.225031129179579
0.225592427158318
0.22614138111101
0.226678408499486
0.227204491613517
0.22772073710157
0.228228335972525
0.228728546448708
0.229222678771892
0.229712080761968
0.230198124047213
0.230689653578849
0.231193933191924
0.231708834402192
0.232232152530525
0.232762104529632
0.233297358330276
0.233836975943616
0.234380359294617
0.234927201829261
0.235477445155288
0.236032457313385
0.236595450824848
0.237169859041313
0.237758492788185
0.238363559687986
0.23898671081832
0.239629087646877
0.24029137149679
0.240973833963149
0.241676386775282
0.24239466281119
0.243125064013568
0.24386887616058
0.244627092702621
0.245400238030747
0.246188432238726
0.246991439842445
0.247808716891808
0.248639456221546
0.249482630189711
0.250333384732874
0.251187032046046
0.252042939523763
0.252900535847266
0.253759131900987
0.254617944538888
0.25547611769465
0.256332741976962
0.257186872790496
0.258037546976398
0.258896880952496
0.259774287829966
0.26066274678084
0.261555086143816
0.262445113354535
0.263327753626345
0.26419889976273
0.265055268377063
0.265894278373389
0.266713950070831
0.267504206618569
0.26825634370223
0.268972057093344
0.269653681562291
0.270303609754259
0.270924254365963
0.271518042934959
0.27208741294168
0.272634805611834
0.273162658615349
0.273675997353603
0.274180329782077
0.274678771223375
0.275174012990406
0.275668446360144
0.276164183589382
0.276663084039488
0.277166779189165
0.277676695845401
0.278194077324861
0.2787093490487
0.27921180806724
0.279701389967646
0.280179391600165
0.28064766788581
0.281108382056098
0.281563915444688
0.282016800333467
0.282469662815837
0.282925172548954
0.283397525431215
0.283900150158315
0.284433374987568
0.284996679202902
0.285589456410425
0.28621109397756
0.286860961165873
0.287538394226056
0.288242684152105
0.288973067261514
0.289722984582959
0.290486744764354
0.291265499025157
0.292060394319718
0.292872218318951
0.293701421551317
0.29454814546993
0.295412250402757
0.296293342809726
0.29719080159979
0.298103282174025
0.299029475369259
0.299968626845468
0.300919767432038
0.3018817152969
0.302853118863781
0.303832494960769
0.304818263183769
0.305808776690787
0.306802349639979
0.307803013582488
0.30881406783206
0.309832050115423
0.310853334076215
0.31187456024195
0.312892670086205
0.313904885286673
0.314908687332231
0.315901800707838
0.316882179207643
0.317832923175354
0.318738269350411
0.319599645402794
0.320419586627545
0.321200698181012
0.321945579378924
0.322656825842356
0.323337032408552
0.323988792846723
0.324614696889723
0.325210360615702
0.325770819542593
0.326298181156035
0.32679545666605
0.327265993680314
0.327713300210073
0.328140992009721
0.328552752404511
0.328952294752417
0.329343326264468
0.329733988146868
0.330133421252643
0.330546782372626
0.330978361820237
0.33143174961548
0.331909835902434
0.332414866613891
0.332948503088881
0.33351188106166
0.334105667754795
0.334751670157909
0.335470048304604
0.336256522341258
0.337105296291453
0.33801035024573
0.338965539138917
0.339964696223248
0.341001708378228
0.342070570262955
0.343165423436749
0.344268065560177
0.345360813820563
0.346440088056222
0.347503721520854
0.348549905946295
0.349576966741674
0.350583352801649
0.351567644013234
0.352528559026687
0.353464961139383
0.354383091491734
0.355289105297472
0.356181361196603
0.357057873752476
0.357916776321793
0.358756348409977
0.35957502807306
0.36037142068251
0.361144305089748
0.361892637587981
0.36260686239349
0.363278155457371
0.363907649524709
0.364497148056807
0.365048545887887
0.365563799607407
0.366044924613092
0.366493992160031
0.366913124978328
0.367304491544371
0.367674411128974
0.368029107634347
0.368370324962306
0.368699543888102
0.36901821199269
0.369327736442985
0.369629487525879
0.369924800863959
0.370214977860803
0.370501284761935
0.37079182223277
0.371094136846932
0.371407931580153
0.371732486975094
0.372067152774122
0.372411385416648
0.372764720520635
0.373126746379898
0.373497082457081
0.373875362386836
0.374253574411457
0.37462415128931
0.374988081248525
0.375346782141255
0.37570158695769
0.376053715748151
0.376404278759539
0.376754281013463
0.37710462653772
0.377456122243706
0.377814931438737
0.378186792213956
0.378571250758979
0.378967464258923
0.379374515352942
0.379791406004402
0.380217079903819
0.380650442290643
0.381090376098304
0.381535755238815
0.381981959273102
0.382424778751772
0.382864171490917
0.383300362691915
0.383733536004912
0.38416378569438
0.384591126106049
0.385015503834075
0.38543680840166
0.385854881392207
0.386290526778318
0.386763093262616
0.387268267028444
0.387800594924482
0.388354785752673
0.388925723329377
0.389508498662874
0.390098431950849
0.390691086190884
0.39128227533153
0.391853629791291
0.392387612276442
0.392882741767814
0.393338545461111
0.39375483853347
0.394131807264272
0.394469961641056
0.394770090121846
0.395033221901137
0.395260594448054
0.395457440563971
0.395629734525049
0.395779867080731
0.395909611373103
0.396020473311943
0.396113834812967
0.396190999347649
0.396253216118048
0.396301694530883
0.396337613237891
0.396350637473167
0.396330855718444
0.396280975836134
0.396204408018317
0.39610455703348
0.395984802681861
0.395848475354822
0.395698835245371
0.395539054973265
0.395372204778977
0.39520692138759
0.395051329417918
0.394907020020037
0.39477513344715
0.394656720886559
0.39455274720684
0.394464084057106
0.394391503221281
0.394335670868737
0.3942971428211
0.394281935724835
0.394295500451688
0.394336811692836
0.394404413336742
0.394496810355003
0.394612496100401
0.394749950301675
0.394907637003422
0.39508400416046
0.39527748474535
0.395465598135591
0.395627255805798
0.395764886488959
0.395882094273736
0.395982299597535
0.396068681594069
0.396144178683329
0.396211495638824
0.39627311251488
0.396331294279707
0.396399693499204
0.396490794524039
0.396603729615312
0.396736951041948
0.396888944881659
0.39705821850554
0.397243301006167
0.397442743717623
0.39765512023846
0.397879026425925
0.398104580333219
0.398322217651592
0.398531714877395
0.398733425078465
0.398927754163251
0.399115143531301
0.399296057800165
0.399470975099887
0.399640379443048
0.399804754700112
0.399983323661441
0.400194816917526
0.400437361801401
0.400707520083293
0.401001733379633
0.401316549794849
0.401648623998825
0.40199470669271
0.402351639099984
0.402716352600729
0.403081501758138
0.403439692568208
0.403788175087004
0.404124711264703
0.404447331752143
0.404754325299464
0.405044217313712
0.405315749902141
0.405567864123671
0.405799684254087
0.405985196880939
0.406099903986489
0.406147644467198
0.40613398191625
0.406064553817182
0.405944943512424
0.405780636607426
0.405576995471982
0.405339242546496
0.405072448867481
0.404824108042899
0.404639191874338
0.404514829958263
0.40444519777929
0.404424559798786
0.404447516517291
0.404508975844279
0.404604113723557
0.404728341972825
0.404877283690052
0.405034639082461
0.405185074505393
0.405327033188324
0.405459826165656
0.40558283834119
0.405695487281392
0.40579722499493
0.405887542015457
0.405965971251116
0.406032091419466
0.406071661098637
0.406071721542028
0.4060352326527
0.405965914209081
0.405867282893212
0.405742580534291
0.405594806877973
0.40542675251037
0.405241025886813
0.405040075007509
0.404826623414476
0.404602871992386
0.404370142144414
0.404129783146416
0.40388320462684
0.40363185788667
0.403377216989825
0.403120761544662
0.402863961176503
0.402608261580052
0.402356252451159
0.402109366915059
0.401866847330275
0.401628268974971
0.401393578975166
0.401163016159204
0.400937052501426
0.40071633944285
0.400501659034474
0.400293880361338
0.400088373177322
0.399881872493606
0.399678148745687
0.399480858209741
0.399293105339187
0.399117449965882
0.398955974752593
0.398810345299927
0.3986818604565
0.398571494603098
0.398490741392119
0.39845062995951
0.39845014400304
0.39848711352219
0.398559053933095
0.398663322892816
0.398797155901107
0.398957692552929
0.399142001843519
0.399347107118603
0.399582305951396
0.399855477024339
0.400160277950082
0.400490043848968
0.40083852659838
0.401199866163279
0.401568582832961
0.40193957088805
0.402308092292644
0.402669770463795
0.4029991361725
0.403270989767726
0.403483159141808
0.403635466227566
0.403728700822061
0.403764582965247
0.403745557352021
0.403674617231024
0.403555160910959
0.403390875300173
0.403182605128959
0.402932910210654
0.402648924818307
0.402337326381312
0.402004075328857
0.401654472026274
0.401293246620821
0.400924634468601
0.400552437321408
0.400180073022924
0.399815292189471
0.399464781443943
0.399129329773391
0.39880939992663
0.398505462809534
0.398217994297858
0.397947458590598
0.397694292915467
0.397458894314994
0.397241608426187
0.397056099743885
0.396915348846731
0.396817408008682
0.396759342827471
0.396738154288159
0.396750843460933
0.396794417092373
0.396865891667331
0.396962299165272
0.397080694322515
0.397212121776636
0.397348826524212
0.39749052934062
0.397637074000656
0.397787990719703
0.397942507684993
0.398099612486829
0.398258107723959
0.39841665869858
0.398573834392191
0.398715877129883
0.398828531210831
0.398910254818291
0.3989607467455
0.398980249282244
0.398969472678529
0.398929504728918
0.39886173228158
0.398767774751211
0.398649428106496
0.398516317226555
0.398378269392698
0.398236965826125
0.398093343585021
0.397948135727004
0.397801949408019
0.397655291185569
0.397508585307987
0.397362188692909
0.397216403301923
0.39707949420931
0.396960264440562
0.396859302818352
0.396776139978218
0.396709872791945
0.396659325065822
0.396623114905401
0.396599706138598
0.396587451476476
0.39658462940967
0.396578867507802
0.396556999877544
0.396516569275313
0.396456349823628
0.396375744695309
0.396274713145144
0.396153669673136
0.396013393691508
0.395854951433729
0.395679629123752
0.395509103553905
0.395364810358402
0.395246203425042
0.395151052796751
0.395076892888281
0.395021196534513
0.394981404771754
0.394954946002187
0.394939253815157
0.394931784135998
0.394922102223513
0.394899549502831
0.394861774293363
0.39480727886779
0.394734965359745
0.394644093109861
0.394534229217394
0.394405204142389
0.394257072672051
0.394090079718515
0.393898338549043
0.393677239555503
0.393429938628824
0.393159738599311
0.392869645968561
0.392562369512688
0.392240355824141
0.391905821510565
0.391560780510566
0.391207067201583
0.390845790974715
0.390477562557661
0.390103184016094
0.38972354277832
0.389339585692302
0.388952300756271
0.388562700942913
0.388171809821059
0.387780648805324
0.387390225882891
0.387003072310104
0.386621782567252
0.386247330768136
0.385880469691136
0.385521826020109
0.385171913813969
0.384831143027575
0.384499826895825
0.384178188551906
0.383866367041138
0.38355937587726
0.383252663981919
0.382947420546073
0.382644983205183
0.382346517987618
0.382053017349707
0.381765311000788
0.381484076939397
0.381209852048097
0.380943042231798
0.380685138236851
0.380438303034303
0.380203915849803
0.379982791351307
0.379775277222734
0.379581335264517
0.379400609566514
0.379232484791307
0.379076136375668
0.378930574025189
0.37880486515626
0.378705354768678
0.37862544276648
0.378558911902477
0.378500394108037
0.378445182528182
0.378389187421153
0.378328895964983
0.378261329405771
0.378183999222562
0.378085767214984
0.377956392219934
0.377796084302949
0.377605908205851
0.377387233217727
0.37714168252927
0.3768710642667
0.376577314403103
0.37626245072472
0.375928535723967
0.375573229616643
0.375193582355052
0.374790864423462
0.374366937014941
0.373923964332995
0.373464341751462
0.372990625641235
0.372505473062349
0.372011590757043
0.371511692247678
0.371008115513671
0.370503593868793
0.370001506370502
0.369504950680592
0.369016705457623
0.368539248648396
0.368074775957276
0.367625217539129
0.367192253022591
0.366777325082403
0.36638845293622
0.366034332480054
0.365716838687499
0.365436633633533
0.365193680807964
0.364987389174124
0.364816701198143
0.364680165693053
0.364576000671165
0.364502148489499
0.364454963439724
0.364429839640827
0.364422851015381
0.364430391635296
0.364449131323025
0.364476002406075
0.364508186277139
0.364543100743202
0.364578388011237
0.364611903131288
0.364636627848462
0.36464548251579
0.364636796702245
0.364609613793322
0.364563374542758
0.364497870351987
0.364413183997245
0.364309636822398
0.364187743263387
0.364048172039047
0.363894429227175
0.363730047862112
0.363555657392735
0.36337172572851
0.363178734251055
0.362977177340399
0.362767559407329
0.362550392190413
0.36232619230695
0.362095479030049
0.361852348699168
0.361591363346839
0.361314374565848
0.361023606575198
0.360721187415617
0.36040913351929
0.360089350389205
0.359763634770004
0.359433677292818
0.359101065278841
0.358777570813179
0.358475674275693
0.358197271310658
0.357942818840607
0.357712161812311
0.357504702329145
0.357319487263701
0.357155277599812
0.357010606514227
0.356883828749291
0.356772328628328
0.356674304189842
0.356589525894534
0.35651741491093
0.356456990574943
0.356406946377867
0.356365726562118
0.356331591572656
0.356302673636735
0.356277024180968
0.356250177603915
0.356216104270818
0.356170201840076
0.356108793711819
0.356029000034824
0.355928658055362
0.355806238974501
0.355660766153782
0.355491737434108
0.355299053369822
0.355084842351774
0.354850826827363
0.354596378758781
0.354321197309361
0.354025407551632
0.353709484994056
0.353374191910495
0.353020522165684
0.352649653601169
0.352262907304009
0.351851537770136
0.351409196070419
0.350942501520587
0.350458083555719
0.349961658507943
0.349458088248497
0.348951511832393
0.34844545811722
0.347942939121514
0.34744652773169
0.346963587101035
0.346500663966457
0.346058035649456
0.345635485493196
0.345232762320445
0.344849590950889
0.344485665505463
0.344140644084491
0.343814145180305
0.343505745532295
0.343213547559197
0.342934988097571
0.342668508890901
0.342412909042221
0.342167239029925
0.341930754439321
0.341702875471674
0.341483152260943
0.341271235471112
0.341066851521349
0.340874378132405
0.340697655299104
0.340535116160175
0.340385053471849
0.340245970827481
0.340116538018077
0.339995562764169
0.339881968835371
0.339774777880935
0.339673094391387
0.339582946479476
0.339510818738409
0.339456129759857
0.339417519437227
0.339393420782655
0.339382129056531
0.339381838136117
0.33939067120262
0.339406707805492
0.33942800793649
0.339441267745683
0.339434013349972
0.339406788343666
0.339360946308158
0.339297706200431
0.339218125714115
0.339123129927317
0.339013538360632
0.338890087705949
0.338753450755597
0.338606801650268
0.33845195543409
0.338286883213302
0.338109897102362
0.337919869174222
0.337716141915566
0.33749845087188
0.337266857522087
0.337021690851764
0.336763496880404
0.336501117911855
0.336243503571407
0.335990840002704
0.335742614425978
0.335498322400995
0.335257498435712
0.335019712980446
0.334784568724036
0.334551697642729
0.334320758706618
0.334085987592234
0.333841780091816
0.333588578124984
0.333327300517123
0.333058881794278
0.332784252330957
0.332504332371217
0.33222002736424
0.331932224155122
0.33164178779564
0.331344250240849
0.331036671955945
0.33072313050631
0.33040752208277
0.330093038353254
0.329782236937809
0.329477149296023
0.329179371925481
0.328890140938385
0.328610393058812
0.328346951792504
0.328105802465873
0.327885581030715
0.327684483825388
0.32750082931204
0.327333048545436
0.327179663800581
0.327039272841169
0.326910537555087
0.326792175862854
0.32668301213836
0.326581736562761
0.326486875494109
0.326397068986015
0.326311077451272
0.326227769001384
0.326146108870773
0.326065150668084
0.325984029065556
0.325901953652455
0.325811972718572
0.325707258166336
0.325587864415661
0.325454483514397
0.325307904979348
0.325148978861208
0.324978593578921
0.324797658754816
0.324607092251968
0.324407810440895
0.324207556556418
0.324012823872704
0.323821647631142
0.323631945587003
0.323442134916979
0.323251043531791
0.323057835560716
0.322861952055396
0.322663061843537
0.322461020370667
0.322254640275694
0.322043150446733
0.321827420144368
0.321608388687738
0.321386933119136
0.321163869469593
0.320939958233014
0.320715908999514
0.320492384216942
0.320270002195975
0.320055396052712
0.319854849014357
0.319667757310679
0.31949304671701
0.31932972612159
0.319176880181337
0.319033651209805
0.318899225958852
0.31877282599899
0.318653700838048
0.318534421449199
0.318408028788535
0.318275226422304
0.318137176732007
0.317994918874035
0.317849368210572
0.317701331258405
0.317551519048527
0.317400558846953
0.317249004337016
0.317096763433263
0.316943704167252
0.316790290484659
0.316636988254521
0.316484217977382
0.316332357235925
0.316181744300563
0.31603268127478
0.315885436815792
0.315740248491307
0.315600824464971
0.3154715555702
0.315353574155862
0.315247347621933
0.315152989750238
0.315070341720256
0.314999023421811
0.314938474828203
0.314887990489763
0.314846748612893
0.314806094215594
0.314757239167771
0.314699690719366
0.314633671267082
0.314559478372876
0.314477455173379
0.314387979160311
0.314291453190802
0.314188298277899
0.314078947793051
0.313968317943984
0.313860754143134
0.313755256844051
0.313650638694534
0.313545940435178
0.31344040296279
0.313333435093054
0.313224586950111
0.313113527670103
0.31300002661807
0.312885712148308
0.312771798518727
0.312657231149146
0.312541042799118
0.312422511761137
0.312301122694675
0.312176532494477
0.312048541878951
0.311917071275624
0.3117821402821
0.311638036996251
0.311479485187923
0.311307908906533
0.311125195622678
0.310933135317965
0.310733400922548
0.310527553844374
0.310317051062117
0.310103252285778
0.309887426784468
0.309679686854215
0.309489357651918
0.309315367726636
0.309156045812102
0.309009996333322
0.308876054450939
0.308753225062711
0.308640638763063
0.308537519852219
0.308443162770064
0.308355864098127
0.308273893170967
0.308196627875078
0.308123580626426
0.30805430991638
0.307988414166164
0.307925525678247
0.307865305465613
0.307807439096286
0.307751633355048
0.307693249118585
0.307629034254925
0.307561667744685
0.307493762415407
0.307427398000538
0.307364156578635
0.307305202488434
0.307251351764526
0.30720312983229
0.307160819744468
0.307122973370125
0.307087024200816
0.307051126818385
0.307013815784087
0.306973924442479
0.306930546550872
0.306883002736661
0.306830810708805
0.306773658639017
0.30671138124554
0.30664262768823
0.306567094339296
0.306486787021471
0.306403551586565
0.306318899561423
0.306234043736519
0.306149945293177
0.306067354329305
0.305986843807896
0.30590883805158
0.305839536608574
0.305785227645626
0.305745836580071
0.305720556486766
0.305708416117446
0.30570835421356
0.305719242424175
0.305739901655461
0.305769116187289
0.305805646219853
0.30585114665679
0.305906536328197
0.30596897553836
0.306035655700961
0.306104065285403
0.30617195387182
0.306237305788955
0.306298319724095
0.306353391747075
0.306401100776831
0.306434077072512
0.306445006492988
0.306433286062774
0.306399087555572
0.306342829740291
0.306265128790543
0.306166760005651
0.306048625393354
0.305911726899085
0.305757144366994
0.305587041556976
0.305404258119783
0.30521106968327
0.305009413871665
0.304800964683819
0.304587180071078
0.304369338682858
0.304148569460335
0.303925875736095
0.303702154928438
0.303477898575216
0.303253419178695
0.303029223340194
0.30280583528371
0.302583776255878
0.302363560004022
0.30214568976356
0.301930655602906
0.301718932011865
0.301510975704684
0.301308865573304
0.301113985848714
0.300925363071894
0.300742125862293
0.300563655120606
0.300389533080135
0.300219502741831
0.300053435863013
0.299891306874622
0.299733171368751
0.29958006841708
0.299432609953393
0.299290060970589
0.299151826970104
0.299017515226376
0.298886888763935
0.29875983786881
0.298636357201985
0.298516526257018
0.298400492602322
0.298288374678214
0.298181213913289
0.298080923786053
0.297989133244682
0.297907134391209
0.297835918035712
0.297776211211495
0.297728509776914
0.29769310647945
0.297670115240369
0.297655216787051
0.297644011287826
0.297636631433475
0.29763344766774
0.297634744883313
0.297640713290282
0.297651458903066
0.297667014130706
0.297687347312244
0.297712371264946
0.29774326974214
0.297781223636979
0.297825986762259
0.297877152327469
0.297934265166078
0.297996837696488
0.298064357463483
0.298136293532814
0.298212102342473
0.298291233084236
0.298372264358816
0.298453399589532
0.298533454590465
0.298611447123603
0.298686550463789
0.298758081533136
0.298825488729151
0.298888340111201
0.298946312110821
0.298999178786371
0.299052157799971
0.299110619944775
0.299174271216979
0.299242370883249
0.299314171740368
0.299388941189572
0.299465963859858
0.299544543541749
0.299624005156229
0.299703696750023
0.299777600623914
0.299840144268673
0.299892017701675
0.299934361554359
0.299968233076524
0.299994538029007
0.30001405192553
0.300027444956225
0.300035302530333
0.300038141531892
0.300039928039317
0.300044165741858
0.300050173745177
0.300057074680243
0.300064106818641
0.300070623912288
0.300076082657506
0.300080031134193
0.300082098645602
0.300081986786369
0.300074225566931
0.300053577608343
0.300020685663921
0.299976678195906
0.299922698700336
0.299859856700895
0.299789226085636
0.299711846791511
0.29962872604452
0.299540838982838
0.29945453882569
0.299375569578897
0.299303324523084
0.299236942062274
0.299175748010232
0.299119214738074
0.299066932995428
0.299018590535322
0.298973954535461
0.29893285700871
0.29889167076848
0.298847179215558
0.298800302307429
0.298752167582358
0.298703807933254
0.298656147215703
0.298610008617783
0.298566123401548
0.298525138570738
0.298487623544641
0.298456122038192
0.298433250847324
0.298419476250325
0.298414976538369
0.29841980583575
0.298433920408186
0.298457189721217
0.298489405580844
0.298530290569699
0.298579505968446
0.298633429746519
0.298688254295686
0.298743486270767
0.298798917987761
0.298854394427276
0.298909795368702
0.298965030404033
0.299020035186224
0.299074768098906
0.299129207257031
0.299185038030024
0.299243923946478
0.299305687889963
0.299370028802779
0.29943665415017
0.299505285181611
0.299575656389635
0.299647514844338
0.299720619673253
0.299794741674288
0.299867633012209
0.299936785783369
0.300001640701738
0.300061890488584
0.300117349922827
0.300167950852561
0.300213729028436
0.300254810836455
0.30029140095099
0.300323770867995
0.300360346351316
0.300409866135284
0.30047260328629
0.300548078668588
0.300635690837213
0.300734750738489
0.30084449269978
0.300964084243608
0.301092635667242
0.301229209456659
0.301368076039464
0.301503595892203
0.30163536108529
0.301763392039287
0.301887730303417
0.302008372242638
0.302125272534543
0.30223835364627
0.302347514762806
0.302452639410987
0.302554591093564
0.302654227224593
0.302751331071968
0.302845594221448
0.302936707125054
0.303024375001074
0.303108320828098
0.303188286782752
0.303264035298013
0.303335349914225
0.303398521780622
0.303449608869556
0.30348827114219
0.303514600866799
0.303528845352124
0.303531365127628
0.303522616262284
0.303503136286025
0.303473531763268
0.303434467149095
0.3033875615487
0.30333459090489
0.30327648054753
0.303214050960162
0.303148083312041
0.303079327064648
0.303008500992442
0.302936293298087
0.30286336139825
0.302790331519617
0.302718281214185
0.302648284201678
0.302580884814821
0.302516541478705
0.302455664362463
0.302398619898563
0.30234573222059
0.302297284362597
0.302253519452863
0.302214641928701
0.302182595726386
0.302159436389737
0.302145394871356
0.302140457194641
0.302144506684304
0.302157350057487
0.302178727455741
0.302208320544151
0.302245759978388
0.302290632403382
0.302340261018368
0.3023916964477
0.302444149761805
0.302497077549843
0.302550022506933
0.302602595535959
0.302654467762597
0.302705364033008
0.302755057177118
0.302803362898128
0.302853178488137
0.302907409825288
0.302965686363381
0.303027406707818
0.303091982088954
0.303158846468323
0.303227456540777
0.303297291515213
0.30336785310576
0.303438665700209
0.303508343289668
0.303575590263177
0.303640206208438
0.30370208430676
0.303761128621758
0.303817246716252
0.303870351060329
0.303920360899136
0.303967203853087
0.304010817214153
0.304049863577878
0.30408266791467
0.304108650903738
0.30412746993126
0.304138936334234
0.304142999603332
0.304139730812109
0.304129306796329
0.304111995430277
0.304088142029639
0.304059766172703
0.304029124942351
0.303996933317681
0.303963728024614
0.303929988181834
0.303896147326193
0.303862597745155
0.303829693795817
0.303797754726665
0.303767067107215
0.30373555393079
0.303701401241477
0.303665555752447
0.303629076543211
0.303592905807011
0.303557847727008
0.303524583034527
0.303493684084218
0.303465627655864
0.303440805706997
0.303419928552323
0.30340334191918
0.303390653753743
0.303381488799075
0.303375534226835
0.303372530107909
0.303372260344645
0.303374545051027
0.303379234128722
0.303386201839521
0.303395263632004
0.303406368192694
0.303419663310262
0.303435275002947
0.303453293111829
0.303473773488202
0.303496741531452
0.303522195497394
0.303550109494609
0.303580436204598
0.303614253470232
0.303652492976346
0.303694731505362
0.303740484987393
0.30378929831624
0.303840741441714
0.303894406895365
0.303949908110802
0.304006878186454
0.304064969002654
0.304122703732062
0.30417864340906
0.304232620954045
0.304284580535296
0.304334488227267
0.304382326009239
0.304428090525762
0.304471792154317
0.30451345409418
0.304553111457488
0.304592625520516
0.304633759951716
0.304676248748069
0.304719731201896
0.304763882982797
0.304808406914036
0.30485303039286
0.304897503864492
0.30494159950712
0.304985110116686
0.305026870006833
0.305065887189688
0.30510237917223
0.305136623479686
0.30516886896329
0.305199330757283
0.305228194403374
0.305255620084596
0.305281746297473
0.305306692991403
0.305330173559548
0.305351786025887
0.305371449203143
0.305389138075119
0.305404859733976
0.30541864891009
0.305430564476878
0.305440686259302
0.305449112096461
0.30545595513451
0.305464436599184
0.30547790594213
0.305496489161289
0.305520013580473
0.305548243673279
0.305580901466978
0.30561767296688
0.305658213390714
0.305702152079405
0.305749097160609
0.3057974132909
0.305845368968081
0.305892466117829
0.305938325817839
0.305982606189931
0.306024998676848
0.306065226933318
0.306103045859959
0.306138240655982
0.306170625864848
0.306198782352248
0.306221304176942
0.306238159910631
0.306249459200919
0.306255354566049
0.306256031717895
0.306251705572426
0.306242616790016
0.306229028491612
0.306211223120015
0.306189081733167
0.306162537836741
0.306132019570906
0.306097986517799
0.30606089219274
0.306021180475769
0.305979284770608
0.305935627251236
0.305890618040773
0.305844654346244
0.305798749347664
0.305753976176551
0.305710778232574
0.305669501806192
0.305630442332419
0.30559385171069
0.305559941594216
0.305528886124607
0.305500824423388
0.30547586289931
0.305452853173188
0.305430572200535
0.305409048050409
0.30538840570236
0.30536877609035
0.305350287240928
0.305333062343427
0.305317218510763
0.305302865748036
0.305290106080484
0.305279673824482
0.305272411541692
0.305268562516256
0.305268262545412
0.305271586824665
0.305278561960129
0.305289171765665
0.305303362101556
0.305321045295221
0.305342104246624
0.305365107106812
0.305388579469403
0.305412405835767
0.305436589465381
0.305461143676045
0.305486073304463
0.305511374156611
0.305537034244834
0.305563035114008
0.305589353024091
0.305615516245551
0.305640972983938
0.305665582347126
0.305689268409478
0.305711986281565
0.30573371435715
0.30575445064251
0.30577420984501
0.305793020849732
0.305810924502892
0.305829151393091
0.305848831970639
0.305869740560224
0.305891594581682
0.305914150094301
0.305937198436782
0.305960561907576
0.30598409005466
0.306007656430056
0.306031155744968
0.306054853793748
0.306079259621362
0.306104714635325
0.306131468331722
0.306159694623618
0.306189504894803
0.306220957890364
0.306254067919394
0.306288811793976
0.30632513477673
0.306361373276657
0.306395606216421
0.306427397320836
0.306456510959443
0.306482793986021
0.306506157595796
0.306526567683106
0.306544036868933
0.306558617556315
0.306570395871117
0.306582192616252
0.306596966638611
0.306614856360747
0.306635717742175
0.306659361600779
0.306685580981002
0.306714155999291
0.306744856526427
0.306777444529032
0.306811676246135
0.306846714647434
0.306881482471124
0.306915330359393
0.306947732724884
0.306978251756278
0.307006529785823
0.307032281484432
0.307055286703435
0.307075383965139
0.307092464464957
0.307108079135965
0.307123920278653
0.307140055831761
0.307156407470302
0.307172880433728
0.307189370221024
0.307205765098859
0.30722194828143
0.307237799861274
0.307253198527762
0.307265128513786
0.30727055895112
0.307269582734553
0.307262571265476
0.307249924475941
0.307232048525205
0.30720935339127
0.30718225189421
0.307151158668203
0.307116489008075
0.307080789846186
0.307046798011205
0.307015095454414
0.306985995782695
0.306959726074638
0.306936451774037
0.30691628445874
0.306899287651399
0.306885482008942
0.30687485005358
0.306866037572335
0.306857587825607
0.30684936799368
0.306841367438116
0.306833590067871
0.306826043216023
0.306818736070802
0.306811679036742
0.306804883253355
0.306798360192759
0.306793266963196
0.306790743650231
0.306790673068965
0.306792838768041
0.306797025250146
0.30680302318999
0.306810629074968
0.306819644729571
0.306829877031125
0.3068411377959
0.306853312078175
0.306866450832865
0.306880680527471
0.306896080610583
0.306912678131983
0.306930453955256
0.306949350206573
0.306969276975228
0.306990118163149
0.307011736577676
0.307031940874386
0.30704818005887
0.307059796858172
0.307066420169533
0.307067818002115
0.307063881193438
0.307054605932044
0.307040077227111
0.307020454059125
0.306995956282682
0.306967847659733
0.306937401007199
0.306904813236195
0.306870224881142
0.306833805515906
0.306795750187097
0.306756273875002
0.306715606669199
0.306673989602197
0.306631671067349
0.306589374566608
0.30654796724803
0.306507923874137
0.306469618105601
0.306433358286552
0.30639939760294
0.306367941019265
0.306339151057682
0.306313152704468
0.30629003757736
0.30626974306041
0.306252255426982
0.306237736396809
0.306226310514815
0.306218052168334
0.306212990085298
0.306211113163202
0.306212375749845
0.306216702305436
0.306223991530888
0.306234457366276
0.306248145271848
0.306264596292257
0.306283367000006
0.306304058939111
0.306326309546976
0.30634978687026
0.306374185752028
0.306399224884418
0.306424644519242
0.306449224274897
0.306471965821429
0.306493148310077
0.306513123472056
0.306532192739295
0.30655058786272
0.306568480844687
0.306585995198912
0.306603215429837
0.306620194630474
0.306636155755665
0.306650218862481
0.306662294747835
0.306672393001692
0.306680550283131
0.306686815442999
0.306691246665677
0.306693910223989
0.306694879543587
0.306694234357368
0.306693274454484
0.30669325447931
0.306694068400171
0.306695510399799
0.306697390355287
0.306699541990011
0.306701820742088
0.3067041010873
0.306706274156279
0.30670824567919
0.306711096124178
0.306715829782372
0.306722129573317
0.306729616797825
0.306737951164404
0.306746826806134
0.306755968175804
0.306765126849892
0.306774078896237
0.30678262268378
0.306789346552994
0.306792859307171
0.306793121216161
0.306790224124362
0.306784283872287
0.306775430062543
0.306763803724982
0.306749555721456
0.306732845303278
0.306713838762909
0.306691929639251
0.306666469537923
0.306637617957581
0.306605624977193
0.306570763991863
0.306533323779769
0.306493604253173
0.30645191293543
0.306408561926356
0.306363865278978
0.306319216471791
0.306276125023073
0.306235025010291
0.306196200641422
0.306159877899974
0.306126238144009
0.306095423614801
0.306067541681149
0.306042668452786
0.306020851886812
0.306001663870486
0.305984463258918
0.305968917799501
0.305954788120732
0.305941894340169
0.305930106427244
0.305919335248771
0.305909525150959
0.30590064785879
0.305892697353087
0.305884805627372
0.305876215307528
0.305867207149726
0.305858107567962
0.305849215086713
0.305840796440023
0.305833088728823
0.305826301676499
0.305820619603407
0.305816203148319
0.305814110587726
0.305815374804706
0.305820022333224
0.305827995506388
0.305839215809457
0.305853583776702
0.305870980210008
0.305891267659649
0.305914291978993
0.305939883959881
0.305968239981402
0.305999531356914
0.306033506500373
0.306069887378534
0.306108392394396
0.30614873444672
0.306190622310191
0.306233762355213
0.306277860333198
0.30632262322007
0.306367455735819
0.306411778678728
0.306455356242205
0.3064979833883
0.3065394674732
0.306579629346189
0.306618304295407
0.306655342802061
0.306690611119541
0.306723991678316
0.306754933190316
0.306782838176261
0.306807549384892
0.306828975572479
0.306847066829162
0.306861814151574
0.306873246372159
0.30688142677614
0.306886449664026
0.306888436906687
0.306887391046399
0.30688339949168
0.306876776471292
0.306867840946739
0.306856900471706
0.306844250619583
0.306830175490897
0.306814948065143
0.30679883036488
0.306782073475899
0.306765317497538
0.306749246207664
0.306734148894265
0.306720250794199
0.306707741516327
0.306696780568392
0.306687499563679
0.306680004012821
0.306674374975836
0.30667067062912
0.306669060153686
0.306669627074256
0.306672239024649
0.306676759356238
0.306683058650837
0.306691012654724
0.30670050103182
0.306711406449806
0.306723613902676
0.306737010233735
0.30675170378308
0.306767816411478
0.306785247111092
0.306803875736587
0.306823577027893
0.306844221377206
0.306865675844334
0.306887805196083
0.306910472932282
0.306933542293621
0.306956155019555
0.306977435632408
0.306997266830102
0.307015597182064
0.307032395164922
0.30704764751705
0.307061357814578
0.30707354504968
0.307084242237125
0.307093495047969
0.307102518390705
0.307112614698595
0.307123919494798
0.307136451936758
0.307150196623908
0.307165115397739
0.307181150683821
0.307198228024848
0.307216258408547
0.307235140453151
0.307254419489646
0.307273547505108
0.307292259392598
0.307310331970006
0.307327566970543
0.307343790685291
0.307358852909205
0.30737262589011
0.307385003323595
0.307395899362156
0.307404711986432
0.307410896997923
0.307414538638638
0.307415773150497
0.307414745683811
0.307411606032954
0.307406507694868
0.307399607144717
0.307391063107657
0.307381035816481
0.307369229233671
0.307355321658523
0.307339458918393
0.307321831962125
0.307302644185799
0.307282107157873
0.307260438150389
0.30723785795183
0.307214588854339
0.30719085279984
0.30716780629475
0.307146608557224
0.307127418183476
0.307110313173354
0.307095354100227
0.307082585336345
0.307072035613127
0.307063718524393
0.307057632994938
0.307053763744015
0.307052209838052
0.307053085743563
0.307056380830618
0.307062052715155
0.307070035747372
0.307080243687998
0.307092571874071
0.307106899291035
0.307123090581739
0.307140997995195
0.307159247176586
0.307176408871984
0.307192309583264
0.307206884868899
0.307220097839832
0.307231930090733
0.307242379670357
0.307251459639928
0.307259196734148
0.30726563008165
0.307272705570245
0.307282414925386
0.307294763858576
0.307309612286432
0.307326796362081
0.307346130751401
0.307367411469304
0.307390418724564
0.307414919645857
0.307440670912073
0.307465853098721
0.307488614308334
0.307508762267579
0.30752625051901
0.307541070034512
0.307553235078789
0.307562780659379
0.307569760886318
0.307574247419855
0.307576327931402
0.30757618821653
0.307574007988742
0.307569872651057
0.307563877244954
0.307556131370061
0.307546757451166
0.307535888703129
0.30752366717097
0.307510241871431
0.307495767038802
0.307481000476406
0.307466710607377
0.307453033288483
0.307440053183773
0.30742784245787
0.30741646243684
0.307405964065192
0.307396388305901
0.307387766546897
0.307380121019151
0.30737334257647
0.307367308457246
0.307362014234723
0.307357459388852
0.307353639995896
0.307350548610065
0.307348174309019
0.307346502777344
0.307345516419629
0.307345194499224
0.307344987935868
0.307344339596559
0.307343245721527
0.307341743628804
0.307339877140025
0.307337693655165
0.307335243325127
0.30733257840024
0.30732975262717
0.307326820684422
0.307323860042582
0.307320946591025
0.307318130539007
0.307315459880811
0.30731298154271
0.307310741089221
0.307308782388246
0.307307147304569
0.307305875424965
0.307305003814183
0.307305135959734
0.307306888323113
0.307310281626243
0.30731528711503
0.307321861269291
0.307329946928588
0.307339474526994
0.30735036332713
0.307362522634329
0.307375852997722
0.307390353240819
0.307406026395274
0.307422767147195
0.307440455601621
0.307458964792412
0.307478162528884
0.307497912816718
0.307518077196497
0.307538516020136
0.307559089664172
0.307579487890769
0.307599386211411
0.30761863246195
0.307637095650605
0.307654656834015
0.307671209162115
0.307686658053255
0.307700921300461
0.307713929097205
0.307725623980565
0.307735885439157
0.307744634333469
0.307751910059852
0.30775776183805
0.307762240960708
0.307765399966106
0.307767292812267
0.30776797504569
0.307767503895812
0.307765938296518
0.307763213022559
0.307759227147437
0.307753982957393
0.307747505282499
0.307739834713772
0.307731025741842
0.307721145050462
0.307710269867096
0.30769848637207
0.307685888172076
0.307672691717058
0.30765911182764
0.307645236709609
0.307631149510465
0.307616934832056
0.307602677817118
0.30758846331499
0.307574375116707
0.307560495256055
0.307546903375415
0.307533552993091
0.307520414323848
0.307507602381551
0.307495231244448
0.307483404230614
0.307472213145534
0.307461738542577
0.307452050056672
0.30744320675024
0.307435257470333
0.307428041991567
0.307421384867318
0.30741530938377
0.30740984862622
0.307405032281262
0.307400885078382
0.307397426715113
0.30739467192172
0.307392630565889
0.307391307786414
0.30739069595138
0.307390775809473
0.307391526488518
0.307392926156742
0.307394952026926
0.307397580345955
0.307400786406918
0.307404544582974
0.307408828380093
0.307413610505898
0.307419519301989
0.307427210851939
0.307436664538365
0.307447796459424
0.307460503926717
0.307474672379675
0.307490177455785
0.30750688664722
0.307524660868219
0.307543355960551
0.307562424932746
0.307581291042576
0.307599775722159
0.307617738056304
0.30763505144765
0.307651602323811
0.307667289857447
0.307682025724293
0.307695733836417
0.307708350044239
0.307719354804648
0.307728237317846
0.307734995354078
0.307739677181303
0.307742347995461
0.307743085091182
0.307741976535316
0.307739120107072
0.307734622260318
0.307728597085457
0.30772137490768
0.307713300914924
0.307704508679852
0.307695114513716
0.307685230857902
0.307674967488128
0.307664431279295
0.307653725865861
0.307642951298604
0.307632203711737
0.307621995396187
0.307612844591335
0.307604825813703
0.307597973197076
0.307592307027059
0.307587835720293
0.307584556629242
0.307582456781484
0.307581513620646
0.307581695751267
0.307583148578848
0.307586018369428
0.307590254603145
0.307595783644186
0.307602521294548
0.307610374863589
0.307619244496146
0.307629024419506
0.307639604148521
0.307650869647759
0.307662189867155
0.30767292267985
0.307682967391171
0.307692271360468
0.307700795358699
0.307708508898975
0.307715389537014
0.3077214224637
0.307726600118429
0.307730921796432
0.307734681844918
0.307738180426552
0.307741415678124
0.307744368171495
0.307747019593264
0.307749354096906
0.307751358401787
0.307753021791269
0.307754336086321
0.307755295600679
0.307755188147607
0.307753281839365
0.307749581674377
0.307744157269043
0.307737096868683
0.307728502051291
0.307718485521494
0.307707169284287
0.307694683000095
0.307681162490156
0.307667328547157
0.307653921843971
0.307641080806261
0.307628899753089
0.307617463246286
0.307606846019671
0.307597113053124
0.307588319668806
0.307580511645223
0.307573725359161
0.307568123522153
0.307563864975572
0.307560960723696
0.307559401146127
0.30755916490131
0.307560220165971
0.307562525576913
0.307566031116479
0.307570678960743
0.307576404295505
0.307582843895146
0.307589615582007
0.3075966326581
0.307603830185099
0.307611147822719
0.307618529216354
0.307625921897096
0.307633277225945
0.307640550350467
0.307647700167564
0.307654632014545
0.307661251881458
0.307667528424401
0.307673439244226
0.30767896731897
0.307684100664783
0.307688832083759
0.30769315890741
0.307697082730592
0.307700609136003
0.307703882801851
0.307707059480117
0.307710159148241
0.307713190481834
0.307716159759124
0.307719072174413
0.307721932060189
0.30772474301347
0.307727508000906
0.30773022945173
0.307733207247245
0.307736753731544
0.307740873990497
0.307745546806303
0.307750742695668
0.307756424959805
0.307762550627442
0.307769071348931
0.307775934244574
0.307783082711966
0.307790499720151
0.307798164113281
0.307806006592799
0.307813954052875
0.307821932846982
0.307829869387164
0.307837690830317
0.307845325732159
0.307852704659257
0.307859760758322
0.307866142480373
0.307871496640278
0.307875777166553
0.307878967033679
0.307881060999059
0.307882064815309
0.307881994489291
0.307880875515427
0.307878742086026
0.307875636282831
0.307871568496039
0.307866547235402
0.307860620467379
0.307853845967784
0.307846288547421
0.307838019060442
0.307829113388317
0.307819651455822
0.307809716287658
0.307799393110018
0.307788660139598
0.307777499850742
0.307766013245377
0.307754307043471
0.307742485905609
0.307730651529376
0.307718902090977
0.307707331753315
0.30769603022177
0.307685082345084
0.30767479143854
0.307665464917823
0.307657174069496
0.307649962871375
0.307643862406949
0.307638892639151
0.3076350631013
0.307632373516511
0.307630814413542
0.307630367744086
0.307631071038402
0.307632957333878
0.307635987439495
0.307640109902704
0.307645265783428
0.307651389837477
0.307658411344461
0.307666254909321
0.307674841255877
0.30768408800961
0.307693457743131
0.307702394855151
0.307710812072363
0.30771866448743
0.307725919770293
0.307732554331707
0.307738552561991
0.307743906299549
0.307748614322972
0.307752681847811
0.307756571015103
0.307760754412495
0.307765234621179
0.307769984101209
0.30777497227789
0.307780165753758
0.307785528884032
0.307791024333897
0.307796613590809
0.30780225744033
0.307807649575541
0.30781247792516
0.307816711465491
0.307820343923314
0.307823377077739
0.307825819548091
0.307827686131691
0.307828997170399
0.307829777919075
0.307830057918247
0.30782997593093
0.307829680440939
0.307829215508462
0.307828615493183
0.307827911559748
0.30782713238433
0.307826304283855
0.307825451299272
0.307824595271174
0.307823755912286
0.307822911578703
0.307822035636315
0.307821138576754
0.307820232890575
0.307819330732542
0.307818443728294
0.307817582927612
0.307816758772743
0.307815981072656
0.307815258982114
0.307814550844552
0.30781381517162
0.307813063944193
0.307812312181539
0.307811574471294
0.307810864604281
0.307810195563687
0.307809579535696
0.307809027918459
0.307808551327968
0.307808533308287
0.307809377295838
0.307811103410444
0.307813694070867
0.307817120402813
0.307821347078601
0.307826333104342
0.307832032294704
0.307838393735402
0.307845362272288
0.307852651361938
0.307859958689732
0.307867210761651
0.307874355070414
0.307881344592967
0.307888135440101
0.307894686698643
0.307900960456713
0.307906921843922
0.307912539065084
0.307917815864837
0.307922732772142
0.307927215839551
0.307931199091659
0.307934627993797
0.307937458913915
0.307939658444739
0.307941202708611
0.307942076654729
0.307942273353817
0.30794168231085
0.307940187041634
0.307937784712319
0.307934491443717
0.307930334415398
0.307925350160441
0.307919583069955
0.307913084020269
0.30790590912165
0.307898118588048
0.307889615133996
0.307880318053316
0.307870332464842
0.307859773450975
0.307848753000416
0.307837379030859
0.307825755320143
0.30781398142204
0.307802152531586
0.307790359318207
0.307778743316477
0.307767448246804
0.307756558403941
0.307746146336605
0.307736276329658
0.307727004686215
0.307718379809208
0.307710442311573
0.307703225169656
0.30769675391926
0.30769126946147
0.307687000527073
0.307683929791055
0.307682019015183
0.307681224820519
0.307681499470113
0.307682791176484
0.307685044427066
0.307688200347673
0.307692197095354
0.307696948646155
0.307702364251478
0.30770837231551
0.307714902449091
0.307721884532279
0.307729248940185
0.307736926787745
0.307744850184819
0.307752952496067
0.307761168600923
0.307769350653663
0.307777354487998
0.307785128434508
0.307792629531035
0.307799818310921
0.307806658648519
0.307813117711821
0.307819165934761
0.30782477700203
0.307829927842545
0.307834439168433
0.307838125383736
0.307840966986779
0.307842962653052
0.307844119502746
0.307844452373728
0.307843983260089
0.307842740766412
0.307840759568506
0.307838079878826
0.307834866500729
0.30783129867709
0.307827439481867
0.307823342945911
0.307819061273935
0.307814645262439
0.307810144199701
0.307805605720344
0.307801075649967
0.307796597846436
0.307792133473761
0.307787638278878
0.30778314897149
0.307778707319772
0.307774354695758
0.307770131333105
0.307766075891015
0.307762225071379
0.307758613275541
0.307755272301866
0.307752289996072
0.30774975306738
0.307747684182906
0.307746097321826
0.307745001606642
0.307744401789609
0.307744298494513
0.307744688454433
0.307745564759463
0.307746917113476
0.307748980710786
0.307751995216493
0.307755938293306
0.307760761368693
0.307766406074056
0.307772806447881
0.30777989031999
0.307787580609063
0.307795796570029
0.307804454984124
0.307813601548824
0.307823293182474
0.307833458209177
0.3078440150553
0.307854881006964
0.30786597359933
0.307877211164852
0.307888513246897
0.307899800941857
0.307910997186914
0.307921845981263
0.307932079710827
0.30794161400651
0.307950385279798
0.307958339685398
0.30796543203409
0.30797162539428
0.307976890737021
0.307981206582275
0.307984558644914
0.307986827624067
0.307987883606089
0.307987708368119
0.30798630478036
0.307983689372048
0.307979890539416
0.307974947040045
0.307968906611337
0.30796182470409
0.307953763327265
0.307944795012885
0.307934998221952
0.307924451677732
0.307913232844538
0.307901418079157
0.307889082882171
0.307876302103625
0.307863150094236
0.307849700804516
0.307836027835531
