0
-3.14462078555119e-06
-1.21013335396793e-05
-2.57887693052613e-05
-4.31320074512765e-05
-6.33039904765485e-05
-8.56742504380307e-05
-0.000109752558882958
-0.000135147512783355
-0.000161537333127177
-0.000188649411308395
-0.00021191674710783
-0.000227403196874116
-0.000236314201598055
-0.000239886863152634
-0.000239051144307633
-0.000234491738489628
-0.000226719202279217
-0.000216122462211949
-0.000203005899629202
-0.000187615372488998
-0.000178766203975933
-0.000183867822058569
-0.000199991130917854
-0.00022424680727564
-0.00025444821189708
-0.00028896539452439
-0.000326566070174393
-0.000366298740444162
-0.000407410195563
-0.000449287633265736
-0.000483319304098046
-0.000502285371408122
-0.000508742202740825
-0.000505221094751692
-0.000493600816289386
-0.000475244588275481
-0.000451149711561762
-0.000422057621467633
-0.000388531628677165
-0.000351011516692676
-0.000300773151700578
-0.000230667697112596
-0.000144524071457132
-4.59957876336648e-05
6.21160509908692e-05
0.000177676558623233
0.000299025219201692
0.00042483569593357
0.000554017127651955
0.000685645049703292
0.000801658821106237
0.000887028454199586
0.000947602996270065
0.000989074120593111
0.00101565533580633
0.00103039665303214
0.00103552066213307
0.00103266936899972
0.00102307857673552
0.00100770039261746
0.00101219940771613
0.00105798905766761
0.00113643968952574
0.00123907770059868
0.00135950147198611
0.00149294858001694
0.00163582724850835
0.00178537187650511
0.00193939978055152
0.00209614047278794
0.00223908643155321
0.00235439531111938
0.00244642542634866
0.00251952376477556
0.00257685184212983
0.00262063380913247
0.0026524301061745
0.00267333906252901
0.00268413946382954
0.0026853908109064
0.00267072580762528
0.00259588839300485
0.00243284002511864
0.00219811562186273
0.00190223281380704
0.00155296301662664
0.00115877750259475
0.000728189892836201
0.000269473451191609
-0.000209491235527482
-0.000700075624700967
-0.00119446560123131
-0.00168723087493978
-0.0021739853513001
-0.00265116036009898
-0.00311583647249033
-0.00356560290282128
-0.00399843039616349
-0.00441256487648961
-0.00480644554862061
-0.00517621022624869
-0.00551667377033379
-0.00582421857962812
-0.00609610935202287
-0.00633026203456571
-0.0065250836935337
-0.00667935922700686
-0.00679217340072604
-0.00686285985052468
-0.00689096920571708
-0.0068742132298488
-0.00681145315016431
-0.00670477846472102
-0.00655624892205083
-0.00636760617970342
-0.00614035293306492
-0.00587586207525608
-0.00557545349682427
-0.00524044374018052
-0.00487217757778078
-0.0044658182460802
-0.00401416265809492
-0.00351484830570494
-0.00296712302442137
-0.00237132335875795
-0.00172866381764874
-0.00104107208445057
-0.00031104773681877
0.000458459292476928
0.00126415289599167
0.00210156019890144
0.00296559613321087
0.00385170998104121
0.00475555311853432
0.00567293458202959
0.00659980661519981
0.00753225308978553
0.00846647703792067
0.00939878723192579
0.0103255843772373
0.0112257810143473
0.0120786316547361
0.0128831369319897
0.0136400131654076
0.014349398448703
0.0150107353263102
0.015623044037437
0.0161851368604397
0.0166957612608679
0.0171537000951357
0.0175716839625544
0.0179619768807481
0.0183217128746228
0.0186475449347558
0.0189367158499583
0.0191870753031562
0.0193970286643822
0.0195654874025734
0.0196918250717844
0.0197758382216041
0.0197973680241495
0.0197375591391685
0.01960005135047
0.0193891746608969
0.0191089602457263
0.0187636081671329
0.0183575944311114
0.0178957105405036
0.0173830747239791
0.0168251214360788
0.0162504684040187
0.0156881768290434
0.0151429642596553
0.0146174100990126
0.014113626539046
0.0136335753313805
0.0131790839809101
0.0127518364184061
0.0123533619103469
0.0119850258135014
0.0116521434628925
0.0113598866723616
0.011108852606451
0.0108990948978098
0.0107304284128588
0.0106024877640374
0.0105147328982109
0.0104664512875671
0.0104567609117354
0.0104846145912801
0.01054673935794
0.0106405315609702
0.0107661522246953
0.0109235043402969
0.0111120883568928
0.0113310348353406
0.0115791392087768
0.0118548965468532
0.0121565360341117
0.0124820549155511
0.0128440653252793
0.0132551956574577
0.013712254275323
0.0142107325471211
0.0147458206064281
0.0153125407800926
0.015905797447891
0.0165204192383159
0.017151198870904
0.0177929310183003
0.0184268528159756
0.019033719451412
0.0196084604436588
0.0201473921030208
0.0206473472825734
0.0211055882060598
0.0215197950936639
0.021888058776862
0.0222088722563129
0.022481120802006
0.022693267336981
0.0228336194467841
0.02290192823209
0.0228992698114816
0.0228272802649869
0.0226880130511631
0.0224839075248731
0.0222177635462523
0.0218927140300958
0.0215121947919061
0.0210771605061379
0.020589733511398
0.0200560739871535
0.0194825937343882
0.0188757104991231
0.018241827217942
0.0175873019371861
0.0169184151701957
0.0162413361551229
0.0155620886495619
0.0149013187234793
0.0142798795650634
0.0137029281819767
0.0131740909039721
0.0126963365548474
0.0122719899236113
0.0119027530503829
0.0115897313484545
0.0113334633631309
0.0111339536676527
0.0109911696774262
0.0109036041675927
0.0108679622780743
0.0108808754914665
0.0109390179328253
0.0110391066356777
0.0111778905373663
0.0113521429317569
0.0115586577978657
0.0117942494065767
0.0120578736048741
0.012348887545183
0.0126647396321236
0.0130026385675243
0.0133596933837451
0.0137329483340578
0.0141194075370314
0.0145160579599784
0.014919891297021
0.0153279247406857
0.0157474139734497
0.0161862181888563
0.0166418192735442
0.0171108027016946
0.0175895449657165
0.0180743023371192
0.0185612571665017
0.0190465584874422
0.0195263594910395
0.0199968521833203
0.0204383808797838
0.0208308312156059
0.0211707401880924
0.0214561665450121
0.0216857099969821
0.0218584687903648
0.021974019821284
0.0220323989920861
0.0220340804394196
0.0219799543861665
0.0218584009247845
0.0216575295676204
0.02137902430832
0.0210260664761317
0.0206024568733041
0.0201124710626236
0.0195607957076619
0.0189524714605025
0.0182928372408315
0.0175874756468738
0.0168484398877958
0.0160886091995437
0.0153148848570225
0.0145336087243014
0.0137508925420364
0.0129726109272114
0.0122043757789576
0.0114515114836173
0.0107190324303725
0.0100116231461492
0.00934050811457914
0.00871700400386285
0.00814507971128631
0.00762764961344948
0.00716701158018078
0.00676489072269155
0.00642246448967329
0.006140388505728
0.00591882408622336
0.00575746716363397
0.00562180983824806
0.00547487219741198
0.00531376199914327
0.0051386618202703
0.00495051665220862
0.0047507657971722
0.00454126920875333
0.00432425078635612
0.0041022459138821
0.00387805211933947
0.00369511631496324
0.00359795784341665
0.00358842989416335
0.00366457179056977
0.00382363538150527
0.0040625418197056
0.00437792591053383
0.0047661490556796
0.00522331211995249
0.00574527128321716
0.00631015766059046
0.00689708836395854
0.00750483016650074
0.00813306303813741
0.00878113329411617
0.00944802467007536
0.0101324017133022
0.0108326553588807
0.0115469457679822
0.0122732422279578
0.0130245887444468
0.0138144131258969
0.0146401445661897
0.0154977498605745
0.0163828075083823
0.0172906405843575
0.0182163881648791
0.0191550670336648
0.0201016276166956
0.0210510046687929
0.0219936938053175
0.022918742342567
0.0238187564123648
0.0246872880440828
0.0255186275937836
0.0263077658154371
0.0270503703047756
0.0277427621900172
0.0283818918894176
0.028965313741659
0.0294895731219482
0.0299524570358754
0.0303545754223116
0.0306969337108045
0.0309807647391998
0.0312075172807565
0.0313788517408388
0.0314966339682686
0.0315629268013106
0.031579979540793
0.0315414125450121
0.0314415590432094
0.0312847550338192
0.0310758916885502
0.0308198494390187
0.0305215195025989
0.0301858027193255
0.0298176012794871
0.0294218061657405
0.0290032812131963
0.0285727129525307
0.0281403048702521
0.0277095121439889
0.0272833092634606
0.0268645689937576
0.0264560637021871
0.0260604461025127
0.0256802306408385
0.0253177768850425
0.024975275013176
0.0246478602762721
0.0243301684433006
0.0240237193962511
0.0237304616642616
0.0234523298338932
0.0231911949848526
0.0229488437529849
0.0227269612279083
0.0225271160138895
0.0223507472948628
0.0222262821404059
0.0221821472597842
0.0222175774767759
0.0223292199857116
0.0225131085087549
0.0227649895832287
0.0230803765571074
0.0234545808844873
0.0238827409129374
0.0243598505853954
0.0248535495434948
0.0253307788398157
0.0257870540499258
0.0262202024841806
0.0266285514398628
0.0270107557722105
0.0273657760872687
0.027692866715798
0.0279915637595653
0.0282616724982482
0.0285233083092317
0.0287981838598725
0.0290880094231536
0.0293927976475934
0.0297120756000232
0.0300449806037194
0.0303903128890645
0.0307465831894
0.0311120575109471
0.0314847992769073
0.0318538192236838
0.0322072737443765
0.0325421163595406
0.0328561828564109
0.0331476463804784
0.0334149628020083
0.0336568585705955
0.0338723211788146
0.0340605894408649
0.0342211433605223
0.0343654161590462
0.0345063361894234
0.0346456351789663
0.0347839889910452
0.0349216755734413
0.0350586002088322
0.0351943451063838
0.0353282172502997
0.0354592925928727
0.0355864570729464
0.0356986258718081
0.0357837203420635
0.035839349817847
0.0358641710169915
0.0358572830503024
0.0358181523358851
0.035746585331038
0.0356427049335339
0.0355069274235848
0.0353399396761974
0.0351234224416275
0.0348382843297117
0.0344853914884402
0.0340676575971494
0.0335887061671756
0.033052630002133
0.0324639186023875
0.031827400707966
0.0311481900285672
0.0304316328750577
0.0297011085432352
0.0289806860633745
0.0282757892044046
0.0275900910589115
0.0269267897597761
0.0262888402509409
0.0256789696734262
0.0250996744965099
0.0245532165035834
0.0240416200786387
0.0235761766058875
0.0231693566393791
0.0228244562198119
0.0225433537659951
0.0223271070010777
0.0221760649113599
0.0220899296280387
0.0220678128945921
0.0221082902090647
0.0222094527720131
0.0223487831339061
0.0225028664662882
0.0226691568222586
0.0228466080622272
0.0230343107264558
0.0232313966553846
0.0234370325460276
0.0236504195535089
0.0238707933637175
0.024097424335597
0.0243553880022457
0.0246713063209818
0.0250455209028883
0.025475871628914
0.02595938634905
0.0264924499071337
0.0270709075891847
0.0276901580389084
0.0283452390967909
0.0290309069883718
0.0297199413121363
0.0303837264972756
0.0310158773658218
0.0316121879077182
0.032169164490227
0.0326839003674492
0.0331540394464026
0.0335777469901377
0.0339536817505623
0.0342809690495777
0.0345773818184269
0.0348622785295669
0.0351369297254218
0.0354012031957471
0.0356547096915727
0.0358968674273425
0.03612694264454
0.0363440854145593
0.0365473617130627
0.0367357822531944
0.0368896110126369
0.0369877522272202
0.0370280217429315
0.0370102155387275
0.0369348725122496
0.0368031152683433
0.0366165909343271
0.0363774203408363
0.0360881489767916
0.0357516991968432
0.0353708496864635
0.0349485681970272
0.034488483668649
0.0339944839482989
0.0334706470048106
0.0329211960486043
0.0323504591034366
0.0317628307068301
0.0311627356257782
0.0305545946360261
0.0299631219730909
0.0294154742643325
0.0289192557251106
0.0284798116261085
0.0281013193329404
0.0277867885438736
0.0275381335875979
0.0273562549578416
0.0272411238733679
0.0271918688678068
0.0271849594849704
0.0271944390345115
0.0272158229241694
0.0272465469049114
0.0272845008450011
0.0273278974319293
0.0273752345937734
0.0274252666968302
0.0274769786291344
0.0275295621313757
0.0276001849688999
0.0277056146413099
0.0278430233180225
0.0280082007172176
0.0281970044290798
0.0284055618892324
0.028630261669627
0.0288677315829096
0.0291148198594098
0.0293685804202975
0.0296310763996669
0.0299044088282106
0.0301855243376958
0.0304711456664165
0.0307581662919381
0.0310437027865194
0.0313250896560086
0.0315998710203238
0.0318657934453551
0.0321208000416443
0.0323747003487611
0.0326399169007997
0.0329186230191589
0.0332114693573469
0.0335183202658045
0.0338383793125022
0.0341702879304928
0.0345122140511241
0.0348619322443168
0.0352168962051516
0.0355565484093308
0.0358586241323581
0.0361185439992358
0.0363336707669717
0.0365020693845414
0.0366223491615356
0.0366936202008181
0.0367154596032098
0.0366878793076374
0.0366112947222983
0.0364907379561286
0.0363316395548033
0.0361352132287535
0.0359025561790012
0.0356349420114073
0.0353338368977316
0.0350008807534816
0.03463786588229
0.0342467158319771
0.033829464786665
0.0333850644038544
0.0329138260394926
0.0324206424003504
0.0319102939515352
0.0313871912416698
0.0308554208971289
0.0303187688446566
0.0297807371012304
0.0292445569014903
0.0287131990103367
0.0281783757616026
0.0276295149226121
0.0270658449319976
0.0264878865287786
0.025896686566578
0.0252936294696264
0.0246803710427188
0.0240587887840304
0.0234309382933771
0.0227990139698443
0.0221525530303107
0.021483046796883
0.0207974993922231
0.0201035514342202
0.0194084578985754
0.0187191104632337
0.0180420273898368
0.0173833380896587
0.0167487675446451
0.0161436214173817
0.01559016779878
0.0151096392682883
0.0147033986515478
0.0143708293440135
0.0141108406212862
0.0139220535502222
0.0138028297472708
0.0137512864589671
0.0137653108039246
0.0138425744402393
0.0139626654589539
0.014103447195664
0.0142606254646276
0.0144318347851254
0.0146152383717705
0.0148093444511076
0.015012958852827
0.0152251517895081
0.0154452285245447
0.0156727026496558
0.0159169445830405
0.0161877731663447
0.0164849107894255
0.016807213049271
0.017153448484368
0.0175223792097962
0.0179127664812882
0.0183233708469099
0.01875295252325
0.019200272358299
0.0196922313167866
0.0202587347988987
0.0209018143185296
0.0216199600117718
0.0224102615828247
0.0232687236206184
0.0241904663285651
0.025169896854615
0.0262008589676994
0.0272767638137875
0.0283630836886387
0.0294234207979004
0.0304497793491783
0.0314371690865377
0.0323813965915507
0.0332788537103039
0.0341264622565784
0.0349216359502533
0.0356622487429918
0.0363466081579086
0.0369821947239048
0.0375772418618391
0.0381312279430548
0.0386431547066407
0.0391121971651335
0.0395377413399033
0.0399193879248179
0.0402569527511918
0.0405504659085973
0.0408001696137044
0.0410183109480633
0.0412188831098024
0.041404742196653
0.0415775183641484
0.041738360336941
0.0418879724337341
0.042026682153204
0.0421545025975346
0.0422711870894084
0.0423762775085534
0.042453755179593
0.0424863432907953
0.0424722148432913
0.0424110693468385
0.0423031404253073
0.0421491399714951
0.0419502177255975
0.041707922233811
0.0414241629647531
0.0411011732390683
0.0407615453325104
0.0404284623857082
0.0401040705154959
0.0397889258853233
0.0394833573267756
0.0391875865467228
0.0389017394507385
0.0386258498764732
0.0383598632167009
0.0381036404507736
0.0378487678289559
0.0375875131311032
0.0373214660156047
0.0370524561776668
0.0367820346600636
0.0365115405500839
0.0362421206760231
0.0359747444639116
0.0357102179480421
0.0354491967468465
0.0351812526484753
0.0348946202731102
0.0345881117247047
0.0342617006753602
0.0339158023056486
0.0335511724456605
0.0331688625119569
0.0327701805842661
0.0323566549043036
0.0319299994175113
0.0315000231353462
0.0310775494122061
0.0306657915685097
0.0302671912579806
0.0298838782354393
0.0295176798567369
0.029170132955176
0.0288424964979606
0.0285357644506905
0.0282506789405856
0.0279771906735539
0.0277035280734471
0.0274277584890371
0.0271491173530298
0.0268672781499522
0.0265822112263211
0.0262941370849678
0.0260034911390338
0.0257108923821307
0.025417114833046
0.025129235404696
0.0248552267643307
0.0245972100780717
0.0243566400769925
0.0241347087571088
0.0239323937754232
0.0237504727639061
0.0235895346990457
0.0234499908056333
0.0233320852174844
0.0232177898472637
0.0230891943042788
0.0229479874578654
0.0227971356141372
0.0226395596839936
0.0224781109694569
0.0223155613013772
0.0221545925210441
0.0219977862041224
0.0218476136618988
0.0217322421808145
0.0216806422755672
0.0216946792392453
0.0217736268906903
0.0219159763758483
0.022119571338965
0.0223816944881413
0.0226991467549279
0.0230683206022324
0.0234852677748664
0.0239482003590556
0.0244537308269955
0.0249944832290147
0.0255632197407779
0.0261531384229693
0.0267578680878076
0.0273714384576741
0.0279882565444844
0.0286030894168876
0.0292110516895131
0.0297800861082298
0.0302781026283428
0.0307026450882691
0.0310539505048645
0.0313328763068084
0.0315407625472857
0.0316793983429706
0.0317509945870295
0.0317581563553868
0.0317038543014394
0.031599375150037
0.0314577875296575
0.0312851734599883
0.0310868158060113
0.0308676521279463
0.0306322876877889
0.030385024497102
0.0301298838817493
0.0298706222232561
0.0296107417901654
0.0293562470138286
0.0291121580983306
0.0288796456960397
0.0286596221774801
0.0284529585601494
0.0282604776028563
0.0280829431983294
0.0279210510734265
0.0277754209225523
0.0276465899336907
0.0275115395191413
0.0273465525469943
0.027152395486659
0.026931695490308
0.026687436590632
0.026422908879071
0.0261416592572575
0.0258474434901515
0.0255441807490677
0.0252359102241263
0.0249646455245265
0.0247734079709314
0.0246655438241651
0.0246410832577282
0.0246990486141177
0.0248376099549202
0.0250541792344249
0.0253454990161279
0.0257077277666786
0.0261365210874491
0.0266429656708137
0.0272384927880497
0.0279178213505122
0.0286739062451331
0.0294990813146056
0.0303852409411195
0.0313239539687882
0.0323065616436578
0.0333242647349363
0.0343682016051673
0.0354006258319034
0.0363823444039653
0.0373039891670968
0.0381592196153375
0.0389427908372375
0.0396503676527612
0.040278479128295
0.0408244818129538
0.0412865229790128
0.0416635032553878
0.0419610768694115
0.0421856945422184
0.0423380699584244
0.0424189772349868
0.0424296279279382
0.0423716788565449
0.0422472014768037
0.0420586479510472
0.0418088165848185
0.0415008169710828
0.0411301997967239
0.0406930364924216
0.0401942568305221
0.0396395236495755
0.0390346669721109
0.0383856288022029
0.0376984255393106
0.0369791109515687
0.0362337391537923
0.0354683279162118
0.0346814402207039
0.03386999923203
0.0330372794755194
0.0321873074222031
0.0313243851152887
0.0304529573084786
0.0295775566674083
0.0287027598850421
0.0278331487676622
0.0269732752351225
0.026117064950917
0.0252594370418168
0.0244075809308964
0.0235692673844229
0.0227520036868654
0.0219629404012471
0.0212088441442747
0.0204960762665333
0.0198305731756822
0.0192178280905484
0.0186860311459702
0.0182632883056066
0.0179526361413502
0.0177544389291202
0.0176680391255945
0.0176919905526014
0.0178241288000456
0.0180616279933963
0.0184010552429513
0.018838423889709
0.0193912698457616
0.0200780626550392
0.0208943606403281
0.0218330322477551
0.0228858675795506
0.0240438514224397
0.0252973200185594
0.0266360955822465
0.0280496077043215
0.0295270044631863
0.0310404476770989
0.0325631384866539
0.0340873965463862
0.0356067531655622
0.0371146753071634
0.0386045181590558
0.0400695908017491
0.0415032245691796
0.0428988340280191
0.0442499708512388
0.0455490877166141
0.0467873071707957
0.0479560953736692
0.0490479322815291
0.0500563220998748
0.0509757582593871
0.0518016864762256
0.0525304688315118
0.0531593488372374
0.0536864171100562
0.0541231569956525
0.054481760803796
0.0547616240318713
0.0549618653897904
0.0550821721365281
0.0551228485863936
0.0550847796675791
0.0549693885034233
0.0547785935858211
0.0545147660603206
0.0541568878029568
0.0536835422117665
0.0530984871756432
0.0524079154900375
0.0516187602811453
0.0507384486266487
0.0497748136285649
0.0487360199783544
0.0476304924006424
0.0464668463001272
0.0452583550683746
0.0440202567352245
0.0427647269987159
0.0415032017170149
0.0402465211593623
0.039004910211801
0.0377879572783371
0.0366045919223256
0.0354630626971489
0.0343709167329376
0.0333314422415809
0.0323466113588465
0.0314209310730211
0.0305586131960689
0.0297633705552809
0.029038400637939
0.0283863818148752
0.0278094747176471
0.0273093280503775
0.0268870884507675
0.0265593935662621
0.0263426263984856
0.0262356876230883
0.0262355862127173
0.0263386493964863
0.0265406839063106
0.0268370449120628
0.0272226948213534
0.0276922582629997
0.0282400740827577
0.0288476927549358
0.0294963386394954
0.0301804895722007
0.0308956209225613
0.0316373173862163
0.0324012342662822
0.0331831128544977
0.0339787982107328
0.0347842557688386
0.0355955865102726
0.0363948078712901
0.0371626071171756
0.037893851737835
0.0385852310755752
0.0392342693343892
0.0398391959581188
0.0403988890328581
0.0409128258591623
0.0413810360490945
0.0418040566772103
0.0422010809810552
0.0425920174465061
0.0429778103049763
0.0433580721949743
0.0437324150946371
0.0441005846864639
0.0444624597152656
0.0448180413301754
0.045167442074474
0.0455108753313335
0.0458561294581192
0.0462128452460891
0.0465842366962463
0.0469724194433397
0.0473788698839915
0.0478045131100208
0.0482497885156889
0.0487147086659312
0.0491989129641213
0.0497017167269576
0.0502230963393831
0.0507630230573428
0.0513204584388968
0.0518940454307103
0.052482198766879
0.0530831468164046
0.0536949683424882
0.0543156260346364
0.0549429971549533
0.0555749015416385
0.0562013231223017
0.0568113285045442
0.0574016103406091
0.0579698562897938
0.0585142291603025
0.0590332950720385
0.0595259926207512
0.0599916065647611
0.0604297431405009
0.0608403065646111
0.0612257847450957
0.0615894242131706
0.0619326618847488
0.0622567935761867
0.0625630955957545
0.0628528341921885
0.0631272698023772
0.0633876595741982
0.0636352585419572
0.063871319665245
0.0640770199069466
0.0642326722592783
0.0643393399960078
0.0643999229157405
0.0644178168966693
0.0643967846238806
0.0643408960653841
0.0642544752991163
0.0641420496036553
0.0640083006147815
0.0638659037067964
0.0637277904089082
0.0635986108315232
0.0634822690387789
0.0633824376106996
0.0633025965277353
0.0632460210920206
0.0632157679727069
0.0632146631433456
0.0632452920185867
0.0633080920530232
0.0634034484154005
0.0635337152567557
0.0637011001976131
0.0639075150347833
0.0641545655056954
0.0644435550760603
0.0647754911281841
0.0651510925874367
0.0655707988050562
0.066050264052443
0.0666054558617529
0.0672359475604547
0.0679395887056855
0.068713629042028
0.0695548885017084
0.0704598154059669
0.0714245336561005
0.0724448869725163
0.0735164810637006
0.074637501729865
0.0758064951556988
0.077019338362618
0.0782713953635967
0.0795577248376216
0.0808731483006734
0.0822123078805761
0.0835697197672301
0.0849398239851203
0.0863170308297716
0.0876861631389744
0.0890316869822335
0.0903480654980929
0.0916307656259515
0.0928756966996022
0.0940791965427002
0.0952380370398294
0.0963494292623559
0.0974110267377037
0.0984209264728985
0.0993805706330422
0.100292165163646
0.101155551414755
0.101970699703443
0.102737859193421
0.103457562619628
0.10413061610869
0.104758086607973
0.105341287880043
0.105881765272582
0.10637944549982
0.106834408820182
0.107248835503155
0.10762522659929
0.107966269899086
0.10827480506285
0.108553799048309
0.108806322407196
0.109035525964065
0.109244617943522
0.109442893432201
0.109640214911067
0.109840503387724
0.110047086694217
0.110263036020559
0.11049120654851
0.110734236942159
0.110994546269828
0.111274330700405
0.111575560216869
0.111894300194122
0.112226477639361
0.112573913901017
0.112938620063316
0.113322451655396
0.1137270546348
0.114153859025601
0.114604074499568
0.115078685567429
0.11557844614063
0.116103031839302
0.116651347155664
0.117222420727622
0.117815137547165
0.118428223459376
0.119060239526355
0.119709579797899
0.120374470781607
0.121052972685165
0.121742982559665
0.122455333683188
0.123199593003393
0.123970388218984
0.124761535447911
0.125566630907992
0.1263791518638
0.127192505059948
0.128000078368981
0.128795297101765
0.129571684748312
0.130315250621334
0.131010137021484
0.131646957682123
0.132217763302534
0.132715982927124
0.13313647682483
0.133475559205739
0.133730985810082
0.133901907269069
0.133988792880929
0.133998379202894
0.133941219265935
0.133825914051546
0.133660856087388
0.133454289732206
0.133214291245886
0.132948744615329
0.132665313377875
0.132371408112293
0.132074149452975
0.131759931824496
0.131413541768388
0.131039530005881
0.130643369178457
0.130230764679937
0.129807607809982
0.129379910381792
0.128953738037792
0.128535143231224
0.128130097612083
0.127764522679667
0.12746598965923
0.127242601409072
0.127100734582605
0.127045355596783
0.127079791282643
0.127205643518268
0.127422762607858
0.127729280029134
0.128121696846759
0.128568883289769
0.129034482821571
0.129505046724111
0.129969089338534
0.130416423640817
0.130838159099858
0.131226719852042
0.131575848411765
0.131880591237573
0.132137265412255
0.132346010924262
0.13251107862075
0.132637611666606
0.132730658547038
0.132795111350729
0.132835690708379
0.132856932377663
0.132863172538475
0.132858532003476
0.132846899717672
0.13285213292873
0.132898602075873
0.132989805144217
0.133127391473755
0.133311944797936
0.133543031277789
0.133819250671092
0.134138305119127
0.134497081275795
0.134891742125589
0.13531834449124
0.135771350606908
0.136243307856819
0.136726699342747
0.137214106094689
0.137698291844964
0.138172274092072
0.138629388985607
0.139063350621102
0.139468304822187
0.139822426578113
0.140104431905664
0.140310998424304
0.140440651428285
0.140493056390064
0.140468895115185
0.140369779916882
0.140198167327501
0.139957271711025
0.139650980207011
0.139289106619364
0.138881052285482
0.138430188531032
0.137940113611247
0.13741486665193
0.13685886572058
0.136276836723454
0.13567374335211
0.135054718611559
0.134424998137369
0.133777986188737
0.133108067499042
0.132422997663682
0.131730962309882
0.131039927727437
0.130357565834634
0.129691180815809
0.129047638558768
0.128433301767622
0.127853972674159
0.127329566592177
0.126878606186726
0.126502666742429
0.12620174532818
0.125975032716861
0.125821010257355
0.125737523852633
0.125721857342339
0.125770804136353
0.125880736018996
0.126054619693115
0.126296818751851
0.1266055063516
0.126977527674504
0.127408784346749
0.127894408782197
0.128428893396484
0.129006210726401
0.129619925610105
0.13026329964727
0.130926783340889
0.131597370680608
0.132261921243913
0.132908626217357
0.13352706063803
0.134108175301692
0.134644278742177
0.135129005807308
0.135557271430215
0.135925210223445
0.136225649302533
0.136456843823259
0.13662643045725
0.136741737719468
0.13680937368678
0.136835288542032
0.136824854037628
0.136782921140294
0.136713862176007
0.136621602820468
0.136505045240198
0.136358931903499
0.136179283319565
0.135963342451029
0.135709485545876
0.135417124668905
0.135086608136938
0.134719120602997
0.134316584198364
0.133881561905648
0.133421481887733
0.1329463335987
0.132463714919882
0.131980533301147
0.131503075653803
0.131036993367227
0.130587291659688
0.130158325830802
0.129753805275728
0.129376805560907
0.129030601645213
0.128716155691405
0.128431550871221
0.12817489317647
0.127944444216783
0.127738616519673
0.127555960404398
0.127395150419447
0.127254971995498
0.127134308552562
0.127028354802566
0.126931412089022
0.126841037886908
0.126755477081292
0.126673479670403
0.126594236086354
0.12651732198616
0.12644264586625
0.126370399335757
0.126301010211675
0.126228410598974
0.126146884442463
0.126058117057975
0.125964343979407
0.125867949124227
0.125771388671129
0.125677142914526
0.12558767386584
0.12550538732134
0.125432599172593
0.125382953324333
0.125370319010622
0.125396526056283
0.125462163936384
0.125567183800481
0.125710990704582
0.125892498812329
0.126110185261407
0.126362143246227
0.126646133723882
0.126957089459794
0.127288198575863
0.127633888127328
0.127989167165853
0.12834957387681
0.128711149912559
0.129070415976793
0.129424346873094
0.129770346014155
0.13010621954358
0.130436992989451
0.130769541192469
0.131105054306392
0.131443942734838
0.131786140185829
0.132131182880416
0.13247826557329
0.132826294228204
0.133173936165534
0.133519667701356
0.133855644308037
0.134171867866456
0.134463097189774
0.134725274119241
0.134955305808361
0.135150988080616
0.135310933844363
0.135434500299632
0.135521715882476
0.13557320814097
0.135606491923913
0.13564050289623
0.135678043217079
0.135720668245546
0.135769395450584
0.135824767140536
0.135886901326094
0.135955543536402
0.136030118396867
0.136109780030654
0.13617738453197
0.136216039243018
0.136226117714902
0.136209012415127
0.136166388892721
0.136100109421992
0.136012197551561
0.135904805237098
0.135780181232063
0.135640640782193
0.135479987522077
0.135291792681906
0.135078471872689
0.134843149714268
0.134589231796498
0.134320318856675
0.134040140427481
0.133752493270409
0.133461184090078
0.133169976579757
0.132890333586243
0.13263492706782
0.132409122605299
0.132216988852664
0.132061594427436
0.131945068233353
0.131868669799459
0.131832868654647
0.131837428450638
0.13188149228097
0.131964035568717
0.132081559688476
0.132228118057692
0.132398171481217
0.132586698135841
0.132789175184491
0.13300155158254
0.13322021999866
0.133441988417835
0.133664051670548
0.133891352438684
0.13413333974815
0.134395377734413
0.134680929592857
0.134991835579456
0.135328510595894
0.135690121454514
0.136074759713498
0.136479609436948
0.136901107704559
0.13733597136164
0.137778962788088
0.138222350276975
0.138658685589111
0.139080973075978
0.139482715192357
0.139857941848676
0.140201233033951
0.140507735247646
0.14077317183889
0.140987294611835
0.141137930920546
0.14121840459951
0.141224161933719
0.141152457399956
0.141002149729885
0.140773503852449
0.140468001780788
0.140088167166808
0.139637405644093
0.139115425816489
0.138523615794044
0.13786946983852
0.137160833872505
0.136405567195998
0.135611468225122
0.134786202492023
0.133937233436496
0.133071758096696
0.132196649483676
0.131325614408999
0.130471318176173
0.129637781095774
0.128828218510045
0.128045427179606
0.127291813282608
0.126569415332031
0.125879926206391
0.125224713989042
0.124604841473403
0.124025282794179
0.123491144473154
0.123003130007372
0.122561194028712
0.122164785613258
0.121812919033533
0.12150422840932
0.121237017164768
0.121009303275139
0.12081886085415
0.120659627459747
0.120524508143283
0.120409420959797
0.120310803759797
0.120225467612835
0.120150561340385
0.120083542792836
0.120022152190172
0.119964387151418
0.119908479356096
0.119833401800192
0.119719974790575
0.119571259681473
0.119391437926965
0.119184749262456
0.118955364272715
0.118707338341257
0.118444575368382
0.118170796900485
0.117889515934695
0.117623733847474
0.117396852279577
0.117211559003491
0.11706839480869
0.116966763471941
0.116905132553726
0.116881190922313
0.116891992465352
0.116934085360693
0.117003627105303
0.11710254172564
0.117231901491602
0.117385688206778
0.117557598236223
0.117741428519356
0.117931154190865
0.118120978890652
0.1183053781698
0.118479137218732
0.118637383013396
0.118758698948577
0.118821476214005
0.118822018965069
0.118758712167137
0.118631174587987
0.118440050787829
0.118186845625792
0.117873780513294
0.11750366799892
0.117079802309556
0.116612520391455
0.116114668785387
0.11559406148323
0.115057305275572
0.114510051151521
0.113957058228476
0.113402264074442
0.112848859701532
0.112299367232348
0.111755717990333
0.111227394535572
0.110722179477083
0.110237858228777
0.109771752325901
0.109321231801206
0.108883768493342
0.108456958183695
0.10803853609876
0.10762638812061
0.107218558580206
0.106808123202706
0.10638909791889
0.105961764518591
0.105526683311488
0.105084403076692
0.104635448964432
0.104180327061927
0.103719528812844
0.103253534589906
0.102782816487046
0.102299377701353
0.10179250957623
0.101258325546823
0.100694748305257
0.100101067285698
0.0994777254043044
0.0988261292924399
0.0981484763886616
0.0974475990786727
0.0967268257760756
0.0960033122670675
0.0952947781812929
0.094604985359496
0.0939365430927922
0.0932916059782938
0.0926719386201583
0.0920789467924608
0.0915137050637699
0.0909769824116619
0.0904692660060843
0.0899706727837983
0.0894623768128976
0.088947842871494
0.0884314891202944
0.0879175636859276
0.0874100428159653
0.0869126042102658
0.0864286097448908
0.0859610936526098
0.0855127554857444
0.0850985834114828
0.0847327987896743
0.0844154575492404
0.0841454047939836
0.0839210165627335
0.0837403055645673
0.0836009798774315
0.0835004939488726
0.0834360947393691
0.0834048638329669
0.0834296858004817
0.0835339136147569
0.0837136527585845
0.0839625752782076
0.0842734217634707
0.0846383108545856
0.0850489020718977
0.0854965320799373
0.0859723367791977
0.0864673644253604
0.0869423288498336
0.0873571159512038
0.0877031796800374
0.0879751676099849
0.0881697616546246
0.0882854230996788
0.0883220644902068
0.088280768547417
0.0881635550353616
0.0879731905937206
0.0877144022922422
0.0873930839626514
0.0870145992085327
0.0865841876633536
0.0861069673633746
0.0855879169421875
0.0850318589875851
0.0844434456835834
0.0838271469872538
0.0831872414313706
0.0825315807307136
0.0818664305526888
0.0811926943125681
0.0805113217473711
0.0798235480455195
0.079130856552012
0.0784349287225657
0.0777375980778154
0.0770408086752538
0.0763465777303541
0.0756497868396753
0.0749459670121074
0.0742388243325822
0.0735323645894015
0.0728304442203637
0.0721367225258544
0.0714546404998415
0.0707874049965085
0.0701379767373242
0.0695090617094302
0.0689141445609886
0.0683677730590486
0.0678734804244761
0.0674330223801428
0.0670470388954024
0.0667152434431607
0.0664365661281347
0.0662092791257553
0.0660311066620139
0.0658993212728209
0.0658095652496521
0.0657567721918038
0.0657366618747976
0.0657450657556106
0.065777908871962
0.0658312252522802
0.0659011737481581
0.065984052481432
0.0660763117345666
0.0661745652255259
0.0662824278745039
0.0664035990437472
0.0665346030915742
0.0666716184501711
0.0668108679007212
0.0669486762575304
0.0670815047309427
0.0672059795981563
0.0673189163321136
0.0674173394456438
0.0674820962321872
0.0674944654402505
0.0674536274380345
0.0673603375589919
0.0672160037688909
0.0670225313702477
0.0667822235517382
0.0664976993899219
0.0661718240337464
0.0658076486364742
0.0654167701059019
0.0650122741554423
0.0645994448857427
0.0641823032548749
0.0637640457449162
0.0633471516276769
0.0629334790222776
0.0625243552071788
0.0621206598890071
0.0617229006542414
0.0613301469566331
0.0609383916020915
0.0605423769691026
0.0601379986036226
0.0597222725616152
0.0592931920686241
0.0588495938181904
0.0583910369679648
0.0579176933714558
0.0574302481407758
0.0569267805364956
0.0564064920570752
0.0558727281810495
0.0553289776485991
0.0547786293146342
0.0542249381727468
0.0536710070570462
0.0531197724605736
0.0525739934547199
0.0520362433192899
0.051508214242393
0.050991872329634
0.0504901025868878
0.0500054525189134
0.0495400882810415
0.0490958173607719
0.0486741141253771
0.0482761444005023
0.0479027888129396
0.047554664862999
0.0472368339388502
0.0469551124241639
0.0467108776049908
0.0465044932210204
0.0463356114230637
0.0462032924983437
0.0461061003305448
0.0460421869416165
0.0460093677256434
0.0460051884314389
0.0460356950618673
0.0461026153403228
0.0461949532621462
0.0463027034707884
0.0464173231557202
0.0465315696639933
0.0466393891084956
0.0467358119637513
0.0468168495538152
0.0468793909864516
0.046906056096576
0.0468831677852423
0.0468161435690206
0.0467109098225588
0.0465729313244227
0.0464071878047406
0.046218207516529
0.0460100970795199
0.0457865675766775
0.045550958594859
0.0453101070538688
0.0450692549329654
0.0448282017729607
0.0445866658583262
0.0443445422944027
0.0441018890772398
0.0438588995940064
0.0436158771212208
0.0433732119994177
0.0431313612984686
0.0428872337131944
0.042637536063096
0.0423826514848908
0.0421233743025518
0.0418606866351504
0.0415957037136926
0.0413296340528679
0.0410637451415216
0.0407993336516154
0.0405376997121254
0.0402934275918165
0.0400810022755683
0.0399005791268857
0.0397511463203843
0.0396313070038297
0.0395393830482927
0.0394734723909686
0.0394314973190136
0.0394112468304152
0.0394104141252393
0.0394049650254116
0.0393720291722668
0.0393128256615116
0.0392299355394215
0.0391260777536074
0.0390039882715405
0.0388663761062891
0.0387158910692795
0.0385550979274979
0.0383864555917032
0.0382126142790635
0.0380366216125964
0.0378614748852361
0.0376897700443108
0.0375237125797481
0.0373651471271348
0.0372155872741997
0.0370762444682778
0.036948055828804
0.0368317107076235
0.0367326254161658
0.0366522422809499
0.0365835018034246
0.0365203719151301
0.0364581606454726
0.0363933501522303
0.0363234358814772
0.0362467814937011
0.0361624869394137
0.0360702684183858
0.0359888593864194
0.0359407350981729
0.0359315755088492
0.0359643237036036
0.0360402123055178
0.0361590551572925
0.0363194853416052
0.0365191701822359
0.0367550014203168
0.0370232608495376
0.0373035517461355
0.0375758377104532
0.0378377413460524
0.0380878461889344
0.0383248082306342
0.0385473161895239
0.0387541095319478
0.0389439962864692
0.0391158679193508
0.0392687114494493
0.0393944007851168
0.0394845990823535
0.0395385554408019
0.0395564120379045
0.039538767290024
0.0394865861832968
0.039401138562687
0.039283945893016
0.0391367344022979
0.0389613936824502
0.0387738589075355
0.0385912098931836
0.0384165280188421
0.0382512894336226
0.0380961809119012
0.0379512547833306
0.0378160543181234
0.0376897239895838
0.0375711049016161
0.0374588163546287
0.0373581448734832
0.0372730830689209
0.0371993115776764
0.0371324356089075
0.0370684437806073
0.0370037172482672
0.0369350150548228
0.0368594585279576
0.0367745156995001
0.036677985588275
0.0365567046642291
0.0363958825478441
0.0361915670510992
0.035941923390078
0.0356465222985733
0.035306079777803
0.0349222395103819
0.034497385565805
0.0340344829428176
0.0335369430985139
0.0330228869744853
0.0325132657700927
0.0320158650780642
0.0315362423907247
0.0310785365532542
0.0306456642286319
0.0302395077104569
0.0298610884554424
0.0295107209523141
0.0291881455260956
0.0288805341049656
0.0285725633480539
0.0282599084472559
0.027939993820057
0.0276112794619084
0.0272730780519404
0.0269254071474229
0.0265688592278045
0.0262044872327987
0.0258337044746526
0.0254591801731368
0.0250855298598134
0.0247178489764205
0.0243604712015266
0.0240169810780263
0.0236902929271827
0.0233827257921494
0.0230960712736481
0.0228316546950643
0.0225903900650468
0.0223774776072348
0.0221958536553416
0.0220416340925226
0.0219111183517426
0.0218010853475574
0.0217087000878172
0.0216314115040961
0.0215668561002909
0.021512769285544
0.0214669056991386
0.0214309491299063
0.0214081373564874
0.0213986259975725
0.0214013267733884
0.0214141276298235
0.0214340177037333
0.0214572010679625
0.021479207039275
0.0214949981932558
0.0214990766426821
0.0214810399858187
0.0214311746885146
0.0213452213531733
0.0212188301730886
0.0210473837196834
0.0208261050324751
0.0205501773278478
0.0202148561205364
0.0198155725823079
0.0193480277329999
0.0188114764632331
0.0182032744875228
0.0175160204257313
0.0167436608599118
0.0158817363219537
0.0149272950811222
0.0138787779511045
0.0127359026952012
0.0114995514212226
0.0101716616317171
0.00875366461409213
0.00724907507523881
0.00566468363865741
0.00400748035111998
0.00228447293185733
0.000502673979561405
-0.00133091577854522
-0.00320932859911969
-0.00512565334439065
-0.00707306039573673
-0.00905280341991694
-0.0110679688741066
-0.0131145033201174
-0.0151869326824135
-0.0172790030761405
-0.0193839416263449
-0.0214946562215694
-0.0236039054771719
-0.0257044437887528
-0.0277891439569281
-0.0298482246463857
-0.0318708093694976
-0.0338484701152841
-0.0357742641650367
-0.037642513479373
-0.0394486527100203
-0.0411891017223238
-0.0428611582118715
-0.0444629079368688
-0.0459931493984243
-0.0474540030812754
-0.048847836399243
-0.0501743980197873
-0.0514337984394939
-0.0526266744308857
-0.0537541578618971
-0.0548178352753479
-0.0558197067848292
-0.0567621445720832
-0.0576478509917304
-0.0584715489683737
-0.0592287730753449
-0.0599245220391799
-0.0605644707543107
-0.0611543577980922
-0.0616999180117383
-0.0622068387771546
-0.0626807189868645
-0.0631270300423825
-0.0635510791197097
-0.0639671061674698
-0.0643885863913328
-0.0648186069561492
-0.0652593212256528
-0.0657125278706311
-0.066179714059071
-0.0666620831299092
-0.0671605770518727
-0.0676758952504017
-0.0682085107179789
-0.0687628772120178
-0.0693441450263096
-0.0699534592125947
-0.0705908707849563
-0.0712556522027208
-0.0719464322388968
-0.0726613396350076
-0.0733981282907901
-0.0741542823789342
-0.0749271029937277
-0.0757107606010643
-0.0764992685498127
-0.0772898137071514
-0.0780800462424599
-0.0788678318009804
-0.0796511943321896
-0.0804282922206523
-0.081197402457519
-0.0819569095942
-0.0827052982501373
-0.0834340636422871
-0.0841353865994283
-0.0848094980121827
-0.085457178989452
-0.0860792182697726
-0.0866763709710564
-0.0872493630785841
-0.08779889656777
-0.0883256528290809
-0.0888302947163761
-0.0893160040718104
-0.0897856751423955
-0.0902393314192887
-0.0906768550441309
-0.0910981744650111
-0.091503274280035
-0.0918921788779593
-0.0922649387065778
-0.0926216203325162
-0.0929622995190711
-0.0932892157033162
-0.0936041706895707
-0.0939064008109334
-0.0941951029236296
-0.0944696042050538
-0.0947293675124712
-0.0949739706485175
-0.0952030892601429
-0.0954164841394934
-0.0956139917899638
-0.0957960047309504
-0.0959628656352578
-0.0961144046979029
-0.0962504837971207
-0.0963710271190655
-0.0964760215535996
-0.0965655164957015
-0.0966396227378739
-0.0966985105880239
-0.0967424073588268
-0.0967716772760128
-0.096786614575758
-0.0967874382165828
-0.0967744557173377
-0.0967480598413927
-0.096708720090552
-0.0966569736688138
-0.0965934157210382
-0.0965186892172286
-0.0964334747514524
-0.0963401969394833
-0.0962417756758163
-0.0961394670495049
-0.0960343116333722
-0.0959272105721744
-0.0958189143105535
-0.0957100221903146
-0.0956009839883941
-0.0954921027693211
-0.0953835389301059
-0.0952734083910405
-0.0951595842527259
-0.0950418731798781
-0.0949201064481227
-0.0947940509945134
-0.0946634272746062
-0.094527914331817
-0.0943871552623873
-0.0942407635985922
-0.0940883303412244
-0.093932024314765
-0.0937740039547221
-0.0936135300174902
-0.0934496584010721
-0.0932814340940158
-0.0931079265772048
-0.0929282380913533
-0.0927415101657496
-0.0925469300999269
-0.0923437374435468
-0.0921273293830185
-0.0918927503241098
-0.0916390270389672
-0.0913656882192611
-0.0910725146754761
-0.0907594876804542
-0.0904267877795022
-0.0900747955880707
-0.0897040907949348
-0.0893154488528859
-0.0889079889238525
-0.0884811173357495
-0.0880365003993412
-0.0875760471657342
-0.0871017949024159
-0.0866158934956421
-0.0861205908645644
-0.0856182165864043
-0.085111163882216
-0.0846018702707561
-0.0840979014355401
-0.0836075114347258
-0.0831341050542601
-0.0826805589482133
-0.0822493410853015
-0.0818424709884623
-0.0814615315268107
-0.0811076880311528
-0.080781712409429
-0.0804840109301591
-0.0802112397806273
-0.0799595564780551
-0.0797283635336132
-0.0795171678911189
-0.0793254305598028
-0.0791525578579863
-0.0789979035223682
-0.0788607720177673
-0.0787404224453098
-0.0786360729620573
-0.0785557876165925
-0.0785078227242924
-0.0784910910834349
-0.0785037651740486
-0.0785437063208884
-0.0786085235976682
-0.0786956294315628
-0.0788022902032097
-0.078925672487632
-0.0790628851863367
-0.0792022279718184
-0.0793311730476753
-0.079445980829577
-0.0795440006024822
-0.0796231952046768
-0.0796820366277945
-0.0797194654999546
-0.0797348564943457
-0.07972798608654
-0.0796990019274553
-0.0796540107636831
-0.0795998922463021
-0.0795382112422391
-0.0794702256539296
-0.0793971174726471
-0.0793200029303955
-0.0792399399253162
-0.079157934541232
-0.0790749469273701
-0.0789918965535805
-0.0789015598094753
-0.0787958785440266
-0.0786747750256836
-0.0785391167144313
-0.078390293380863
-0.0782301065263672
-0.0780607030706101
-0.0778845144051332
-0.077704198758561
-0.0775225865913465
-0.0773496957297686
-0.0771967767252626
-0.0770685596471486
-0.0769687864716391
-0.0769004577111049
-0.0768658703680355
-0.0768666737296164
-0.0769039284806263
-0.0769781671470308
-0.0770894541845478
-0.0772282109699651
-0.0773846622532491
-0.0775587049628284
-0.0777506568717004
-0.0779608328243309
-0.0781895167792596
-0.0784369559382105
-0.0787033568549366
-0.0789888823237833
-0.079293648956552
-0.0796283278267743
-0.0800033835540226
-0.0804178273286532
-0.0808698606174921
-0.0813573874069443
-0.0818780945493418
-0.0824295055457879
-0.0830090278440282
-0.0836139953035852
-0.0842417062207558
-0.0848838029875149
-0.0855325033073526
-0.0861865526803531
-0.0868450095666591
-0.0875069720591927
-0.0881715702332248
-0.0888379729666774
-0.0895053948049818
-0.0901731020511277
-0.0908404180398539
-0.0915065276080513
-0.0921692568961781
-0.0928255426822425
-0.0934729632692522
-0.0941097480098866
-0.0947347183800122
-0.0953472259010381
-0.0959470922769251
-0.0965345522209799
-0.0971101991785049
-0.0976738046893239
-0.0982254894743921
-0.0987668504371628
-0.0992996898674259
-0.0998259273287536
-0.100347562254984
-0.100866642094759
-0.101385233239869
-0.101905394553789
-0.102429153454328
-0.102949922615034
-0.103464168178082
-0.103979895297825
-0.104504448078432
-0.105044099909441
-0.10560410697515
-0.106188765735009
-0.106801475187731
-0.107444803284745
-0.108120556730983
-0.108836113969843
-0.109594960639206
-0.110390701778436
-0.111217226025619
-0.112069096811616
-0.112941536303818
-0.113830386623331
-0.114732070829316
-0.115643553366371
-0.116562299651962
-0.117491766327748
-0.118436475821122
-0.119396008504072
-0.12036962034043
-0.121356446924952
-0.122355535351303
-0.123365864495223
-0.124386363323917
-0.125415927746351
-0.126453436035268
-0.127504696688341
-0.128576053681751
-0.129666953282481
-0.130776124101604
-0.131901905251378
-0.133042336209678
-0.134195226842876
-0.135358220520962
-0.136528851264074
-0.137704595155519
-0.138867211364256
-0.139997819092267
-0.141093712661912
-0.142153784510189
-0.143177807089778
-0.144166288581349
-0.145120367828213
-0.146041718230473
-0.146932459507265
-0.147795076905602
-0.148635664785256
-0.149458930004056
-0.150264917269436
-0.151054154879619
-0.151827771395563
-0.152587412573628
-0.153335146003245
-0.154073372230674
-0.154804742909036
-0.155532085844401
-0.156266283976527
-0.157018428524206
-0.157791325170463
-0.158587019198303
-0.159407108846126
-0.160252788862778
-0.161124881718305
-0.162023868166821
-0.162949917510401
-0.163902917259119
-0.164880123372844
-0.165878548206784
-0.166897513004303
-0.167936367840899
-0.168994400350082
-0.170070834404403
-0.171164834823504
-0.172275512626883
-0.173401930507688
-0.174543108459198
-0.175703448198556
-0.176887694097218
-0.178095113546148
-0.179324352243041
-0.180573708595959
-0.181841209102902
-0.183124667654721
-0.184421739067838
-0.185729967592887
-0.187046830611357
-0.188371136437898
-0.189702783015541
-0.19104113467799
-0.192385060285351
-0.193733023191229
-0.19508316671387
-0.196433392366957
-0.197781430742338
-0.199124905179453
-0.200461388423924
-0.201775164905062
-0.203050413157874
-0.204285436134318
-0.20547986497398
-0.206633938665395
-0.207748367454021
-0.208824256098514
-0.209863038487664
-0.210866420143496
-0.211836327375914
-0.212787854975379
-0.213736323849959
-0.214683441731827
-0.215629886824693
-0.216575928387234
-0.21752150068036
-0.21846627257471
-0.219409708792972
-0.220351123570751
-0.221289727237656
-0.222211181518045
-0.223101866651965
-0.223963113631709
-0.224797108913606
-0.225606163432546
-0.226392644173276
-0.227158944619379
-0.227907459799856
-0.228640563840965
-0.229360589750878
-0.230080723979328
-0.230811472083818
-0.231549509985459
-0.232291510083424
-0.233034841592561
-0.233777582806748
-0.234518413732508
-0.235256517674604
-0.235991495399085
-0.236723290188214
-0.237453722064371
-0.238186960078364
-0.238927328716306
-0.239678221496764
-0.240442162098674
-0.241220897102231
-0.242015484820171
-0.242826383182902
-0.243653534771197
-0.244496447299856
-0.245349564853987
-0.246208382547148
-0.247074222589538
-0.247948028614382
-0.24883017809709
-0.249720577790375
-0.250618736866492
-0.251523834974942
-0.252434785170136
-0.253350291237635
-0.254264989144352
-0.255173847601413
-0.256076267826993
-0.256971733569461
-0.257859622331098
-0.258739233883282
-0.259609814791001
-0.260470580284278
-0.261320733652581
-0.262159483283388
-0.26299881416555
-0.263847797517656
-0.264699474340819
-0.265546935248277
-0.266384384387865
-0.267207230097556
-0.268011903602918
-0.268795691090329
-0.269556593025631
-0.270293207979254
-0.270996976327781
-0.271660758803976
-0.27228671903863
-0.272877521154587
-0.27343581186368
-0.273964188422974
-0.274465195486988
-0.274941322300285
-0.275394998880815
-0.275828591416481
-0.276246508997911
-0.276653436758043
-0.277052020320891
-0.2774444997564
-0.27783282030839
-0.278218658133232
-0.278603449051154
-0.278988415375409
-0.279374590374611
-0.279762840298181
-0.28014597604634
-0.280516155817817
-0.280873532609537
-0.281219244686302
-0.281554803018107
-0.281881899227994
-0.282202334452567
-0.2825179674459
-0.282830671931873
-0.283142300604554
-0.283462455536895
-0.283799980355099
-0.284154741546464
-0.284526043247922
-0.284913147087156
-0.285315325497057
-0.285731854007299
-0.286162001960686
-0.286605025342055
-0.287060161720223
-0.287523094855789
-0.287990151321263
-0.288461911267608
-0.28893893404811
-0.289421547154596
-0.289909867605534
-0.290403825993873
-0.29090318952017
-0.291407583714377
-0.291916512756396
-0.29242908326241
-0.292944431337503
-0.293462016814576
-0.293981193651119
-0.294501215766083
-0.29502126452037
-0.295540472498283
-0.296057944272192
-0.296572774391319
-0.297084062823646
-0.297593844595159
-0.298103739014324
-0.298611936436873
-0.29911659986055
-0.299616078593452
-0.300108918761546
-0.30059384674865
-0.301069753397001
-0.301535680471474
-0.301990809068563
-0.302427538670883
-0.302839004607731
-0.303226310441363
-0.303591028952706
-0.303934723804345
-0.304258915599848
-0.304565083330295
-0.304854666096816
-0.305129063411702
-0.305389634377969
-0.305634835326083
-0.305862937688542
-0.306075130453383
-0.306272930947793
-0.306457945123838
-0.30663179326109
-0.306796087261262
-0.306952413974301
-0.307102320473437
-0.307247300699072
-0.307390419103204
-0.307534997983908
-0.307682811773511
-0.307835261098307
-0.307993446544028
-0.308158181298416
-0.308330022488315
-0.308509302547668
-0.308696159014349
-0.308890562374141
-0.30909929176859
-0.309328356512934
-0.309575806760771
-0.309839279205354
-0.310116419002905
-0.310404912890429
-0.310702521545643
-0.311007101451694
-0.311316619029244
-0.31162915933439
-0.311939416540151
-0.312242434773437
-0.312537335931381
-0.3128236667226
-0.313101095139268
-0.313369345258354
-0.313628191935159
-0.313877460297155
-0.314117025256714
-0.314346810499502
-0.314568528433901
-0.314783807504202
-0.314992376437882
-0.315193901978564
-0.31538809896526
-0.315574734484242
-0.315753628255496
-0.315924652036278
-0.316087728343411
-0.316242828634618
-0.316388207664418
-0.316522360822823
-0.31664583754046
-0.316759301700461
-0.316863412390242
-0.316958817387608
-0.317046152022924
-0.317126038072399
-0.317199082434641
-0.317265875637766
-0.317327674740822
-0.317385657541351
-0.317440215652445
-0.31749168018409
-0.317540360909747
-0.317586545769337
-0.317630502059244
-0.317672477362849
-0.317712700188546
-0.317751380406394
-0.317789609905088
-0.317828333382653
-0.317867435608196
-0.317906753618863
-0.317946140612994
-0.317985469256458
-0.318024627111949
-0.318063512655374
-0.318102032270212
-0.318140098065002
-0.318176886665941
-0.318211687608459
-0.318244645098149
-0.318275930807719
-0.318305694826892
-0.318334064607806
-0.318361146788943
-0.318387029060239
-0.318411781915073
-0.31843546029691
-0.318458451555252
-0.318481063270048
-0.31850318779444
-0.318524700946107
-0.318545483286775
-0.318565420728379
-0.318584406515137
-0.318602342732207
-0.318619141350968
-0.318634724913063
-0.318648917614026
-0.318661595780022
-0.318672783833309
-0.318682512595019
-0.318690809877062
-0.318697700201924
-0.318703206033539
-0.318707348885322
-0.318710150225997
-0.318711632211481
-0.318711816878364
-0.318710559942069
-0.318707663681912
-0.318702980980931
-0.31869641430382
-0.318687913122229
-0.318677470784052
-0.318665121109277
-0.318650934870001
-0.318635016239582
-0.318617937444218
-0.318600389116635
-0.318582648015432
-0.31856496450924
-0.318547580386648
-0.318530721970261
-0.318514598148106
-0.318499398960365
-0.318485294423984
-0.318472433591522
-0.318460714959818
-0.318449948595041
-0.318440124561305
-0.318431253310568
-0.318423348130991
-0.318416417803126
-0.318410464645799
-0.318405483586699
-0.318401461669168
-0.318398377802013
-0.318397228875991
-0.318399051456771
-0.318403779294098
-0.318411254291997
-0.31842128918305
-0.318433669659794
-0.318448157285436
-0.318464492345472
-0.31848239660806
-0.318501576034577
-0.318521051238169
-0.318539835399774
-0.318557675989622
-0.318574363378918
-0.318589689420143
-0.318603448148002
-0.318615437744863
-0.318625462573109
-0.318633335178594
-0.318638878231244
-0.318641104849338
-0.318639066142107
-0.318632751608282
-0.318622226314357
-0.31860757402291
-0.318588893317298
-0.318566298121294
-0.318539918246735
-0.318509899680724
-0.31847640460866
-0.318443300534424
-0.318414382518351
-0.318389363411714
-0.318367717736969
-0.31834892266239
-0.318332471295334
-0.318317875517705
-0.318304667500034
-0.318292400708475
-0.318280650612707
-0.318266635068179
-0.318247708526831
-0.31822392369696
-0.318195485504272
-0.318162604925255
-0.318125501384027
-0.318084402441056
-0.318039543441149
-0.317991167255749
-0.317939524022554
-0.317886859710272
-0.317835421999188
-0.317785310007654
-0.317736485278941
-0.317688893244302
-0.317642466940842
-0.317597129704927
-0.317552797387118
-0.317509380170744
-0.317466784080524
-0.317419992551138
-0.317363972854233
-0.317299038800614
-0.317225943029633
-0.317145500232224
-0.317058526093433
-0.316965836140514
-0.316868247561063
-0.316766579723081
-0.316661653277207
-0.316555560736447
-0.316450470621291
-0.31634724157312
-0.316246602544535
-0.316149219992464
-0.31605569784264
-0.315966580980058
-0.315882358623507
-0.315803467330683
-0.31573029365512
-0.315671244993922
-0.315634428127541
-0.315618983603012
-0.315623458062294
-0.315646328872569
-0.315686046116648
-0.315741047948765
-0.315809770319823
-0.315890653955228
-0.315982149688853
-0.316067982922317
-0.316132403550629
-0.316176070333536
-0.31620070921514
-0.316208062124533
-0.316199797688291
-0.316177518177028
-0.316142770671873
-0.316097056044431
-0.316041835511818
-0.315983066003171
-0.315926465628912
-0.315872663680726
-0.315821971148151
-0.315774676050985
-0.315731058524909
-0.31569138973271
-0.315655929854146
-0.315624926119238
-0.315598610961401
-0.315582763947063
-0.315582748116278
-0.315597572158832
-0.315625910319665
-0.31566649038802
-0.315718125748794
-0.315779704813015
-0.315850179898023
-0.31592855811539
-0.316013894138604
-0.316105105637678
-0.31620131493509
-0.316302007382004
-0.316406645810476
-0.316514655942597
-0.316625433893387
-0.316738354022796
-0.316852776287027
-0.31696805306464
-0.317083535482697
-0.317198042273305
-0.317310900526357
-0.317422431270722
-0.317532807239303
-0.317642031258365
-0.317749969753821
-0.317856377189132
-0.317960918992399
-0.318063192921072
-0.318162748565986
-0.318261781017374
-0.318361856259552
-0.318461141718274
-0.318557830383853
-0.318650357501852
-0.318737402907561
-0.318817863255925
-0.318890827011962
-0.318955553565822
-0.319011455742839
-0.319052575431396
-0.319073106664423
-0.319073347895287
-0.319054201819845
-0.31901675183417
-0.318962183667867
-0.318891768597182
-0.318806851132345
-0.318708836856891
-0.318599180105854
-0.318472757272117
-0.318325143710075
-0.318159565755714
-0.317979480440249
-0.317788174029626
-0.317588773137416
-0.317384244532707
-0.317177394178197
-0.31697086629126
-0.316767142422396
-0.31658069281912
-0.316426030569422
-0.316304724932755
-0.316217217453137
-0.316163391326963
-0.316142582484582
-0.316153689126209
-0.316195266902892
-0.316265607389566
-0.316362802580636
-0.316486603729162
-0.316635725564612
-0.316806118180727
-0.316993947312851
-0.317195757273938
-0.317408444527584
-0.31762921022752
-0.317855520249791
-0.318085072883737
-0.318315772745494
-0.318542797662659
-0.31876193173719
-0.31897260359005
-0.319174439909515
-0.319367057391477
-0.319550064708635
-0.319723073127282
-0.31988570649593
-0.320037610115115
-0.320178458510456
-0.320299243278787
-0.320391295811481
-0.320455634519458
-0.320493945210248
-0.320507982062105
-0.320499525518718
-0.320470378689777
-0.320422364651993
-0.32035732250773
-0.320277102303355
-0.320187672972286
-0.320094256621689
-0.319997016694112
-0.319896034653515
-0.319791610418254
-0.319684257856474
-0.319574665287223
-0.319463659160325
-0.319352172492792
-0.319241217366091
-0.319140558790293
-0.319060417527275
-0.319002056509738
-0.318965862257022
-0.318951832656937
-0.318959625605974
-0.318988619479137
-0.31903796616231
-0.319106636386273
-0.319193458280936
-0.319291477018387
-0.319393515388078
-0.319498354941326
-0.319605317326078
-0.31971386895152
-0.319823564639946
-0.319934029934444
-0.320044948360288
-0.320156050948802
-0.320267107540223
-0.320371792529337
-0.32046330347603
-0.32054108648229
-0.320605399830603
-0.320656841710238
-0.320696230152865
-0.320724553666447
-0.320742933452606
-0.320752591415014
-0.320754822504166
-0.320759403504747
-0.320776846851591
-0.320809217717173
-0.320857614446453
-0.320922638906204
-0.321004447773233
-0.321102827618597
-0.321217263013182
-0.321346996035075
-0.321491077753265
-0.321631719342024
-0.321751157758049
-0.321849689999739
-0.321929021277809
-0.321991073939083
-0.322037844206927
-0.322071377844433
-0.322093754350362
-0.322107072004131
-0.322113433208277
-0.322121712538213
-0.322141062771763
-0.322173585120566
-0.322220664275096
-0.322283351501849
-0.322362396908107
-0.322458288297382
-0.322571286367114
-0.322701455878951
-0.322848693170717
-0.32301831929201
-0.323214566299394
-0.323434794922127
-0.323676207031479
-0.323936241289936
-0.324212578022468
-0.324503110730789
-0.32480592005929
-0.325119251683086
-0.325441497600351
-0.325771697677546
-0.326109342155716
-0.326453741120427
-0.326804119092304
-0.327159637887308
-0.327519412758018
-0.327882526850813
-0.328248044221934
-0.328615021543482
-0.328982518615819
-0.329348146248547
-0.329709432561211
-0.330065420613883
-0.330415354952836
-0.330758593205144
-0.331094594671719
-0.331422913498222
-0.331743192832157
-0.332055159625259
-0.332358619936022
-0.332658384664454
-0.332958877317733
-0.333258925216651
-0.333557197866175
-0.333852521626128
-0.334143883920391
-0.334430424733159
-0.334711427710269
-0.334986311516711
-0.33525462147522
-0.335514805068373
-0.335764620060605
-0.336002599932126
-0.336227839371324
-0.336439901594659
-0.336638741139
-0.336824638746227
-0.336998145437506
-0.337160034078399
-0.337311257144551
-0.337442285995454
-0.33754635502592
-0.337630207514278
-0.33770025188909
-0.337762064549787
-0.337820577138389
-0.337880113995318
-0.337944426132359
-0.338016728741662
-0.338099740547318
-0.338205523566093
-0.338345270965059
-0.338518958086807
-0.338725627766597
-0.338963978745613
-0.339232417428439
-0.339529130559763
-0.339852145964055
-0.340199382003588
-0.34056868787916
-0.340962778253386
-0.341385065413445
-0.341834283612589
-0.342308494264367
-0.342805401311975
-0.343322428405353
-0.343856795294017
-0.344405584134505
-0.344965796161468
-0.345534399905173
-0.346108767866291
-0.346685800420091
-0.347261633620079
-0.347832696104422
-0.348395755570286
-0.348947901249723
-0.349486525918036
-0.350009309715436
-0.350514205699557
-0.350999426909712
-0.351455454730146
-0.351871899724216
-0.352246326304526
-0.352577713278002
-0.352865859656045
-0.353111222332479
-0.353314818392732
-0.353478144306993
-0.353603106039617
-0.353691957485344
-0.353748889013268
-0.35377928831325
-0.35378776581842
-0.353778583327863
-0.353755703944015
-0.353722804541443
-0.353683288621304
-0.353640298374827
-0.353596726149271
-0.353555225541061
-0.353524527120674
-0.35351350553103
-0.353524357518183
-0.353558403964006
-0.353616477160439
-0.353698974128293
-0.353805926585255
-0.353937063752438
-0.354091866763957
-0.354269615371838
-0.3544659573193
-0.35467647045121
-0.354900421578782
-0.35513727857906
-0.355386486827788
-0.355647469639152
-0.355919631952932
-0.356202363730197
-0.3564950430654
-0.356797039045515
-0.357116149502633
-0.357459616340365
-0.357825125328449
-0.35820985080682
-0.358611071973608
-0.359026194607065
-0.359452751555526
-0.359888401210003
-0.360330925300345
-0.360778226435537
-0.361214449922254
-0.361622665993534
-0.362000152484477
-0.362346120456055
-0.362660608419407
-0.362944260113083
-0.363198211049092
-0.36342399870282
-0.363623487046758
-0.363798802110855
-0.363953433643667
-0.364089766300814
-0.364208013526354
-0.364308880021994
-0.364393640900813
-0.364464041192289
-0.364522193028431
-0.364570487098008
-0.36461151681402
-0.364648012986368
-0.364686323294629
-0.364735085613557
-0.364800963330424
-0.364889343894704
-0.365004509906815
-0.365149741349688
-0.365327424466126
-0.365539160364769
-0.365785869307816
-0.366067887951292
-0.366382282209928
-0.36672668926919
-0.367102189950978
-0.367509386344017
-0.367948250145751
-0.368418228166489
-0.368918331855411
-0.369447215477478
-0.370003244116175
-0.370584552318902
-0.371204435666202
-0.371872663806273
-0.372579452928953
-0.373314933593389
-0.374070554410898
-0.37483900552706
-0.375614029286594
-0.376390257534696
-0.377163076421265
-0.37792851363699
-0.378675153755918
-0.379392753692187
-0.380080725868546
-0.380739246634363
-0.381368547053061
-0.38196889727797
-0.382540617731927
-0.383084088239551
-0.383599754509338
-0.384088132385786
-0.384552084235657
-0.384995553299921
-0.38542091055908
-0.385829974183197
-0.386224173810669
-0.386604620941647
-0.386972170935999
-0.387327476438562
-0.387671032948399
-0.388003217464646
-0.388316828728164
-0.388605497253981
-0.38887165769897
-0.389117994459462
-0.389346866194787
-0.389560376010096
-0.389760415459753
-0.389948698520257
-0.390126789832084
-0.39029612809153
-0.390446601496924
-0.390567274346489
-0.390658982164455
-0.390723876053599
-0.390764471546732
-0.390783535002086
-0.390784024125699
-0.390769037454822
-0.390741769431124
-0.390705470066939
-0.390682828765784
-0.390695254568462
-0.390741975847161
-0.390820824236289
-0.390929849638455
-0.391067368333256
-0.391231915882932
-0.391422202209814
-0.391637073646843
-0.391875481140049
-0.392131992098913
-0.392403521128461
-0.392693713915326
-0.393005642487941
-0.393341412807219
-0.393702313514209
-0.394088944875996
-0.394501331142131
-0.394939018810948
-0.395401161933949
-0.395872012260489
-0.396335514287568
-0.396791288408227
-0.397240215231174
-0.39768316671718
-0.398120950481296
-0.398554314627296
-0.398983953912168
-0.399410514605332
-0.399834598199031
-0.400266798990498
-0.4007174874144
-0.401185928862912
-0.401670498302057
-0.402169528856632
-0.402681348596259
-0.403204291838058
-0.403736708115216
-0.404276969639518
-0.404823477677916
-0.405384684876596
-0.405966205242385
-0.406560400841252
-0.407159926117615
-0.407758726517613
-0.408351916096686
-0.408935581981677
-0.409506618439125
-0.410062590906378
-0.4106016245901
-0.411110456739708
-0.411577363049023
-0.41200479205386
-0.41239606319906
-0.412754280603774
-0.413082350046592
-0.413383019262279
-0.413658907564648
-0.413912527165992
-0.414146298244987
-0.414362448225597
-0.414563487818142
-0.414752272504274
-0.414931452616691
-0.41510345795359
-0.415270520905897
-0.415434695672702
-0.41559787403065
-0.415761798395154
-0.415928072690213
-0.416110831040791
-0.41632404748415
-0.416567753464717
-0.416840672771282
-0.417141316660669
-0.417468058245275
-0.417819177377064
-0.418192895748966
-0.418587403705259
-0.419000880646397
-0.419417292599147
-0.419823120689817
-0.420222417365688
-0.420619506793801
-0.421017693326969
-0.421419438885836
-0.421826512513599
-0.422240109493001
-0.422660950348926
-0.423089364048536
-0.423527898932115
-0.423978234766977
-0.424438563982294
-0.424906918175144
-0.425381450225498
-0.425860432594893
-0.4263422465383
-0.426825373007635
-0.427308385339426
-0.427789943502216
-0.428255642842784
-0.428691760449578
-0.429099489837054
-0.429481057976866
-0.429838523192485
-0.430173790106377
-0.430488648363331
-0.43078480093765
-0.431063884759275
-0.431327485471568
-0.431592015934114
-0.431872943638191
-0.432168776525074
-0.432476989374873
-0.432795316334188
-0.433121754352385
-0.433454531785095
-0.433792080233861
-0.434133009782392
-0.434476087450718
-0.434821536200104
-0.435169665366069
-0.435519426894871
-0.435869760794028
-0.436219703415485
-0.436568382792359
-0.436915011254489
-0.437258879012936
-0.437599348645564
-0.437935850356007
-0.438259744870832
-0.438560749426104
-0.438836113081862
-0.439084621551283
-0.439305881600423
-0.43950013823363
-0.439668159715022
-0.439811144729752
-0.439930644754412
-0.440028498372815
-0.440125195018189
-0.440241672736419
-0.440379201400585
-0.440537347016641
-0.440715491689899
-0.440912903170949
-0.44112876091503
-0.441362177050435
-0.441612213271581
-0.441877894492284
-0.442147316966648
-0.442409894560501
-0.442668039629185
-0.44292464166788
-0.443182049689472
-0.443442135887499
-0.44370637068489
-0.443975884756598
-0.44425152110105
-0.444533879010168
-0.444818925211939
-0.445103639525086
-0.445390662751403
-0.445682434425479
-0.44598079289995
-0.446287068477605
-0.446602164908225
-0.446926627352789
-0.44726070024409
-0.44760437674037
-0.447972287789502
-0.448378038652456
-0.448818148166905
-0.449287918757034
-0.44978287053314
-0.450298794213799
-0.450831739610491
-0.451377999843639
-0.451934095141902
-0.45249675727935
-0.453039577340314
-0.453538037054286
-0.453994731892845
-0.454413854973024
-0.4547989036602
-0.455152791984386
-0.455478006799139
-0.455776720646803
-0.456050873805481
-0.456302234769128
-0.45653525030512
-0.456754467834764
-0.456961493586675
-0.457157583365476
-0.457343877442512
-0.4575214160037
-0.457691154512753
-0.457853976872661
-0.458010705984042
-0.458162112205213
-0.458320784836444
-0.458495594521517
-0.458679288447993
-0.458864759117884
-0.459046322675072
-0.459219631198514
-0.459381462050769
-0.459529534217908
-0.459662355452776
-0.459779094276369
-0.459883700624569
-0.459983239729206
-0.460082814085057
-0.460186497676054
-0.460297554996846
-0.460418542482931
-0.460551397247989
-0.460697516025456
-0.460857825868866
-0.461032847850504
-0.461226445759745
-0.461439547510636
-0.461666560484049
-0.461902313020851
-0.462142552171996
-0.462383849519774
-0.462623473230816
-0.46285927772299
-0.463089611090441
-0.463313237279234
-0.463512316358186
-0.463668654420217
-0.463782290263125
-0.463855375580479
-0.463890548300995
-0.463890721743233
-0.463859021062302
-0.463798738183226
-0.463713292768448
-0.463606197336183
-0.463472478054063
-0.463309300054002
-0.463124902233758
-0.462927491967477
-0.462724456555286
-0.462522462361645
-0.462327526380471
-0.462145070681073
-0.461979967193618
-0.461836575645278
-0.461737221788631
-0.461704218455177
-0.461739732042602
-0.461843595593009
-0.462014890567803
-0.462252090131741
-0.462553169641404
-0.462915700554983
-0.463336928181247
-0.46381383584881
-0.464340027022038
-0.464906952863142
-0.465507746477993
-0.46613653838481
-0.466788235161755
-0.467458378946297
-0.468143039013689
-0.468838724386485
-0.46954231259681
-0.470250991427199
-0.470963217652283
-0.471678013474089
-0.47239377580211
-0.473108831914837
-0.473821504728101
-0.474530127320675
-0.475233052808134
-0.475928663210807
-0.476615377667251
-0.477291660074025
-0.477950668070739
-0.478587773881065
-0.479206035846374
-0.479808200767758
-0.48039620605298
-0.480971339601551
-0.481534367492055
-0.48208563501864
-0.482625149375214
-0.483152648211552
-0.483664578450023
-0.484158796287228
-0.484637667093892
-0.485103101117617
-0.485556342413283
-0.485998118261209
-0.486428731038243
-0.486848132235712
-0.487255986027572
-0.487651724121151
-0.488034877555394
-0.488401819818255
-0.488745915287066
-0.489061469103622
-0.489343914792583
-0.489589700374116
-0.489796166420344
-0.489961439835433
-0.49008434229024
-0.490164310883277
-0.490216235547073
-0.490255365471069
-0.490281185379172
-0.490292344517314
-0.490287785399995
-0.490266778125091
-0.490228885821827
-0.490173929375483
-0.490101955535258
-0.49001320821632
-0.489903415137665
-0.489768291800565
-0.489608617146695
-0.489425747796653
-0.489221220770744
-0.488996697667391
-0.488753938589354
-0.488494779975115
-0.488221114199073
-0.487934870690262
-0.487641147689298
-0.487346438890262
-0.487055050832616
-0.48677058052042
-0.486496079088212
-0.48623409063836
-0.485986692615829
-0.485755535296497
-0.4855418797692
-0.485346634317013
-0.485150559279504
-0.484933739345344
-0.484697180581003
-0.484443558719851
-0.484175590715808
-0.483895956315715
-0.483607287908196
-0.483312162834051
-0.483013095467099
-0.482712529099638
-0.482433210974073
-0.482196333964974
-0.481999460936032
-0.481838423522532
-0.48170934305449
-0.481608893631969
-0.48153422592978
-0.481482875961048
-0.481452689625703
-0.481441762907801
-0.48143486946448
-0.481418487345223
-0.481395215586831
-0.481368431214542
-0.481341082210259
-0.481315684680522
-0.481294368272631
-0.48127891821893
-0.481270812308595
-0.481271253407824
-0.481301821899261
-0.481383298828614
-0.481513350336913
-0.481687702701803
-0.481901994918943
-0.482151973325677
-0.482433499483715
-0.482742544708966
-0.483075186269681
-0.483427605975746
-0.483774346296083
-0.484092264056498
-0.484383688224845
-0.484651991606897
-0.484899808663411
-0.4851291954175
-0.485341739430877
-0.485538643180788
-0.48572079279286
-0.485888815252146
-0.486057515240337
-0.48624008559271
-0.486432790714287
-0.486631019898679
-0.486830528101033
-0.487027498471199
-0.487218511103883
-0.48740050986279
-0.487570773282787
-0.487726889278001
-0.487858201905456
-0.48795370183222
-0.488011315948577
-0.48803016567148
-0.488009887595563
-0.487950526416514
-0.487852491202103
-0.48771651942526
-0.487543643707011
-0.487335160488051
-0.487106309138924
-0.48687318933015
-0.486637875048566
-0.486401233057279
-0.486163910052809
-0.485926407663147
-0.485689102828695
-0.485452263021353
-0.485216059755205
-0.484980580768151
-0.484738510003892
-0.484482581169508
-0.48421349163547
-0.48393248439494
-0.483640773952679
-0.483339523227457
-0.483029845650814
-0.482712807803202
-0.482389431406405
-0.482060694719827
-0.481736567469216
-0.481428262535766
-0.481138375828293
-0.480868392294059
-0.480619257319972
-0.480391393320215
-0.480184753717433
-0.479998878309511
-0.479832945377395
-0.479685820629209
-0.479519199913424
-0.479293118467862
-0.479006068360496
-0.478659981175911
-0.478257364725519
-0.477801148263753
-0.477294635332847
-0.476741461463543
-0.476145552444907
-0.475511082862687
-0.474864576350492
-0.474232304309631
-0.473616255379032
-0.473016421410201
-0.472432691898819
-0.471865165192261
-0.471314133932907
-0.47078004207062
-0.470263444004911
-0.469764969483721
-0.46928059295488
-0.468806297291346
-0.468343162666017
-0.467892712202419
-0.467456481965645
-0.467035944819585
-0.466632495588505
-0.466247443597228
-0.465882006995242
-0.465537308049164
-0.46523139055227
-0.464983515308797
-0.464795552853001
-0.46466728765171
-0.464597754464883
-0.464585436306361
-0.464628345848242
-0.464724089739707
-0.464869925282989
-0.465062811245386
-0.465294963101142
-0.465557765941829
-0.465846771765144
-0.466158023396772
-0.466487731401785
-0.466832237185154
-0.467188008773438
-0.467551641174374
-0.467919858475011
-0.468289516996193
-0.468655156907637
-0.469011297433999
-0.469355114124564
-0.469684199027155
-0.46999637208479
-0.470289660394404
-0.470562293102959
-0.470812697489126
-0.47103949503486
-0.471241497340322
-0.471408439797812
-0.471529400379174
-0.471602925812423
-0.47162884114141
-0.471607514700082
-0.47153972604463
-0.471426616957881
-0.471269651930534
-0.471070581372715
-0.470831406748222
-0.470566244322562
-0.470290761074429
-0.4700091418922
-0.469724281200285
-0.469438630147207
-0.469154289041001
-0.46887304719065
-0.468596415182635
-0.468325653385822
-0.468061797389365
-0.467789012141473
-0.467491323780506
-0.4671706703673
-0.466830281002953
-0.466473341270762
-0.466102935518502
-0.465722044628732
-0.465333545074372
-0.464940206881193
-0.464544690678952
-0.464154765832952
-0.463777722501434
-0.46341473737439
-0.463066466244331
-0.462733506588115
-0.462416438985591
-0.462115819182548
-0.461832167467255
-0.461565959458705
-0.4613176185271
-0.461094845423815
-0.46090731185973
-0.460758474455606
-0.460650454979969
-0.460584505295008
-0.460561091030797
-0.460579980453479
-0.460640329827592
-0.460740763258565
-0.460879446807312
-0.461044777634835
-0.461223699251615
-0.461412092114938
-0.461606854879775
-0.461805204032821
-0.462004605547368
-0.462202751262153
-0.462397541061875
-0.462587067869502
-0.462769604855977
-0.462957510171141
-0.463161643849346
-0.46337640914745
-0.463595494665995
-0.46381324764844
-0.464024807908416
-0.464226027428516
-0.46441338576174
-0.464583918174131
-0.464735155377148
-0.464862664223452
-0.464964212762814
-0.465042079804553
-0.465098458510705
-0.465135174189698
-0.465153739536354
-0.465155407701949
-0.465141217035619
-0.465112028939846
-0.465068559979407
-0.465011900649721
-0.464942314285623
-0.46485881700216
-0.464760556343456
-0.464646903333274
-0.46451744061922
-0.4643719418842
-0.464210352449265
-0.464032771617787
-0.463839436563925
-0.463623396718105
-0.463378602688405
-0.463107659309912
-0.462813580924505
-0.46249921582212
-0.46216726950886
-0.461820318987523
-0.461460822074512
-0.461091123979418
-0.460713461689349
-0.460337434943876
-0.459972429932112
-0.459619568707048
-0.459279251843754
-0.458951739449473
-0.458637189679573
-0.458335666209169
-0.458047143705175
-0.457771513169803
-0.457508587283488
-0.457246041182746
-0.456972130463809
-0.456688574676217
-0.456397738130506
-0.456101757540662
-0.455802602153667
-0.455502089771172
-0.455201895780949
-0.454903560810504
-0.454608497069089
-0.454324646719399
-0.454058825553616
-0.453809640520038
-0.45357527642163
-0.453354100593911
-0.453144699599482
-0.452945853109774
-0.452756506663102
-0.45257574794371
-0.45240278644277
-0.452239650606349
-0.452089179448042
-0.451951991560033
-0.451828317050469
-0.451718162840212
-0.451621342133143
-0.451537497326589
-0.4514661210153
-0.451406575418337
-0.451358110379584
-0.451297901428835
-0.45120207823889
-0.451069588117871
-0.450901505774052
-0.450699363939742
-0.450465010978544
-0.450200567379951
-0.449908390300343
-0.449591040008082
-0.449251247713802
-0.448900786793142
-0.448552204052315
-0.448209145557769
-0.447874410287575
-0.44755054283586
-0.447239858127455
-0.446944447278242
-0.446666182549171
-0.446406722294397
-0.446167516090434
-0.445959151686765
-0.445792168068245
-0.445666955739956
-0.445582858676362
-0.445538898606459
-0.445533844882585
-0.445566242387732
-0.445634435675829
-0.445736591967634
-0.445870723228469
-0.446037861000757
-0.446238643149033
-0.44646996298423
-0.44672845583485
-0.447010782411861
-0.447313656266884
-0.447633850661279
-0.447968204811587
-0.448313630703838
-0.448667120310113
-0.449020896412616
-0.449366667436156
-0.449700961071689
-0.450021037403094
-0.450324536000238
-0.450609422290938
-0.450873964741963
-0.451116716072742
-0.451336496118936
-0.4515323759113
-0.451713293116938
-0.451888826734931
-0.45205874044677
-0.452222029522647
-0.452377634999974
-0.452524513320936
-0.452661651552282
-0.452788077287321
-0.452902867027878
-0.453005153420053
-0.4530889784705
-0.453147471034811
-0.453178545258949
-0.453180967404841
-0.453153983692723
-0.453097227318059
-0.453010675109025
-0.452894611578987
-0.452749596034514
-0.452576431921544
-0.452386772746678
-0.452192711899058
-0.451995181741648
-0.451794135307719
-0.451589441233562
-0.451381037725635
-0.451168937945072
-0.450953220458984
-0.450734018811795
-0.450511512167384
-0.450289680510128
-0.450073212802373
-0.449863335662929
-0.449660731693901
-0.449465824149919
-0.449278840572621
-0.449099842106766
-0.448928746646364
-0.448765348931435
-0.44860933825652
-0.448449995315735
-0.448277386890769
-0.448093409742629
-0.447900481576581
-0.447700702418604
-0.447495880437525
-0.447287566643266
-0.447077084637772
-0.446865556642426
-0.446653926323787
-0.446439794459505
-0.446218543073405
-0.445987035888607
-0.445742946064151
-0.445484617870644
-0.445210955813112
-0.444921340743482
-0.44461555995311
-0.444293747660612
-0.443956333626322
-0.443618746794435
-0.443298939574153
-0.443001110281735
-0.442727605894289
-0.44248001341089
-0.442259322405362
-0.442066009596086
-0.44190010892747
-0.441761272986794
-0.441648826931473
-0.441535900100563
-0.441394109583432
-0.441221982588242
-0.441020762313266
-0.440792141308532
-0.440538000350044
-0.440260362696297
-0.439961368753973
-0.439643253696196
-0.439308326381099
-0.438964730958649
-0.438623017037437
-0.438289590727597
-0.437969681120477
-0.437667685286565
-0.437387235798105
-0.437131270690007
-0.436902097803836
-0.436701453459005
-0.436530556775452
-0.436373983076481
-0.436214792039375
-0.436052285348292
-0.435887235994074
-0.435720588532483
-0.435553392848347
-0.435386779713819
-0.435221939406522
-0.435060102614494
-0.434902523279987
-0.434780168221291
-0.43472435629938
-0.434734423243038
-0.434806799715171
-0.434937576022921
-0.435122734995239
-0.435358180522927
-0.435639751278782
-0.435963234871424
-0.43632438318919
-0.436696693779707
-0.437051618541659
-0.437383039616244
-0.437687625589499
-0.43796293835417
-0.438207175422712
-0.438419090785333
-0.438597936077887
-0.4387434081223
-0.43885560115718
-0.438948736345802
-0.439038173084719
-0.439125308206302
-0.439210248108844
-0.439292945150522
-0.439373315107937
-0.439451253646826
-0.43952664298455
-0.43959935691854
-0.43966926504823
-0.439723934858937
-0.439751061941724
-0.439751818642618
-0.439728453789373
-0.439683217276228
-0.439618303683457
-0.439535855821601
-0.439437969520399
-0.43932669633982
-0.439204044420164
-0.439071232289877
-0.438927669499392
-0.438771935139081
-0.438603115440164
-0.438420865860254
-0.438225346313051
-0.438017142389514
-0.43779719432341
-0.437566734905555
-0.437327235380197
-0.437102980232385
-0.43692238001878
-0.436792924005653
-0.436718962850105
-0.436703328207187
-0.436747501960334
-0.436851799987935
-0.43701554681878
-0.437237232962475
-0.437514654021691
-0.437833741074343
-0.438180239298733
-0.438552061986861
-0.438947751954206
-0.439365507606895
-0.439803219299314
-0.440258528960953
-0.440728882385204
-0.441211574761189
-0.441703790220296
-0.442197141585101
-0.442681490791718
-0.443151213736214
-0.443601827351452
-0.444029580828453
-0.444431344104863
-0.444804532990964
-0.445147046993855
-0.445457216640381
-0.445733758849698
-0.4459772324522
-0.446187613036449
-0.446362762621625
-0.446500977148453
-0.44660114849276
-0.446662716088883
-0.446685601616245
-0.44667014946358
-0.446617073946022
-0.446527412356675
-0.446398323454498
-0.446229046846377
-0.446025084338833
-0.445791800729582
-0.445534051596596
-0.445256287815438
-0.444962614299481
-0.444656831369403
-0.444342466090553
-0.444022796035333
-0.443713214851258
-0.443426361136523
-0.443158785385307
-0.442906099176063
-0.442664527890684
-0.442431161260616
-0.442203832876599
-0.441980981634913
-0.441761534727076
-0.441544813754473
-0.441340750645724
-0.44116063576771
-0.441005680431405
-0.440875840948839
-0.440770733341876
-0.440689822786289
-0.440632459240623
-0.440597892280619
-0.440585281840958
-0.440593707699036
-0.440606270376518
-0.440606529564187
-0.440595808212544
-0.440576759017987
-0.440551851197697
-0.440523259868541
-0.440492890668825
-0.440462411995872
-0.440433283772352
-0.440406782252095
-0.440368350482108
-0.440304349428709
-0.440218926903967
-0.440117102293683
-0.440003415225908
-0.439881975667484
-0.439756515869058
-0.439630430150957
-0.439506807179855
-0.439388456369736
-0.439295036687247
-0.439246086763319
-0.439242436444132
-0.43928307496001
-0.439366641023558
-0.439491563132121
-0.439656090329257
-0.439858312977973
-0.440096181705919
-0.440367525317614
-0.440681215234699
-0.441046765893075
-0.441462124274541
-0.441923896933172
-0.442428311522976
-0.442971330899195
-0.443548715353394
-0.444156075172068
-0.444788916749173
-0.445442683208067
-0.446096957924364
-0.446729498137764
-0.447333760413547
-0.447905391305498
-0.448440892810636
-0.448937428555001
-0.449392747251215
-0.449805123536708
-0.450173307081807
-0.450496478311695
-0.450780898059172
-0.45103604019623
-0.451266816734384
-0.451476764088792
-0.451668536843402
-0.451844049627641
-0.452004608818975
-0.452151021453361
-0.452283684641946
-0.452402660575654
-0.452520928945756
-0.452649854317621
-0.452785251279344
-0.452922229908925
-0.453056299297994
-0.453183427822796
-0.453300012260211
-0.453402845229811
-0.453489086741597
-0.453556239492619
-0.453588110277574
-0.453568804681803
-0.45349771282333
-0.453375501084628
-0.453203150614139
-0.452981962424653
-0.452713542345804
-0.452399781920983
-0.452042838078527
-0.451645111421915
-0.45120332101652
-0.450714571991765
-0.450182574436739
-0.449611485163366
-0.449005551803083
-0.448369144036669
-0.447706732662217
-0.447022862905132
-0.446322126244849
-0.445609130862323
-0.444893347690409
-0.44418405291335
-0.443485080993655
-0.442799797932768
-0.442131392254464
-0.441482854915209
-0.440856961492019
-0.440256257342355
-0.439683045527153
-0.439139377534091
-0.438634397349592
-0.438178057949258
-0.437773156135089
-0.437421413896843
-0.437123874325222
-0.436880902304325
-0.436692229331036
-0.436557004480128
-0.436473847291521
-0.436440901775407
-0.436458274027656
-0.436524647809953
-0.436634918332637
-0.436783876618868
-0.436966480828756
-0.437177868630269
-0.437413351086336
-0.43766840869556
-0.437938690211926
-0.438220013589254
-0.43850164450863
-0.438772083985314
-0.43902643960666
-0.439260881448662
-0.439472165844411
-0.439657543633059
-0.439814724243992
-0.439941846788748
-0.440037453554277
-0.440100464988345
-0.440127899417328
-0.440118220155379
-0.440073572738788
-0.439996187704293
-0.439888183949282
-0.439751603542094
-0.439588432647407
-0.439400616818754
-0.439190072277103
-0.438958693767031
-0.438704551019685
-0.438425460215071
-0.438123086883362
-0.437799433582011
-0.437456598825879
-0.437096765049862
-0.436722182150536
-0.436335150463894
-0.43593800381184
-0.435533092687546
-0.435135471251955
-0.434760573752481
-0.434410544857857
-0.434086379402073
-0.433788727968021
-0.433517923417008
-0.433274003599887
-0.433056734165897
-0.432865631027627
-0.432699982515679
-0.432538089730099
-0.4323565576204
-0.432152860175278
-0.43192655560753
-0.431677824430118
-0.431407260912531
-0.431115815914983
-0.430804753818923
-0.430475612722813
-0.430130166803221
-0.429776682422656
-0.429425195910895
-0.429080604131792
-0.428747064079172
-0.428428300088129
-0.428127605717044
-0.427847858515434
-0.427591534907232
-0.427360724442184
-0.427157144042201
-0.426992181601891
-0.426876190282113
-0.426807771900423
-0.426784539450531
-0.426803923390848
-0.426863251817503
-0.426959768284639
-0.427090645462529
-0.427252998799476
-0.42744390040021
-0.427669113231165
-0.427934920004876
-0.428238691718688
-0.42857692039844
-0.428945839915547
-0.429341505901767
-0.429759841514929
-0.430196678145322
-0.430647793107283
-0.431108944605723
-0.431557654701769
-0.43197123487469
-0.432346408292604
-0.432681463940201
-0.432975031916497
-0.433226063206363
-0.433433821850189
-0.433597877764621
-0.433718099796788
-0.433794648449201
-0.433825429946876
-0.433808047622154
-0.433742587520647
-0.433629774189628
-0.433470804057893
-0.433267293450984
-0.433021236349628
-0.432734963689639
-0.432411103651879
-0.432052542935959
-0.431686768488679
-0.431342446205154
-0.431023109565537
-0.430730107020253
-0.430464233771167
-0.430225913028451
-0.430015236279891
-0.429831991833524
-0.429675691330527
-0.429545595063802
-0.429402356127487
-0.429205591133307
-0.428955074770633
-0.428653544624125
-0.428304233502866
-0.427910825231223
-0.427477398645101
-0.427008370907192
-0.426508442743457
-0.425982545160518
-0.425467830704568
-0.425002152288922
-0.424589485680374
-0.424230849557836
-0.423926519524138
-0.423676316244854
-0.423479656106155
-0.4233355826344
-0.423242795537538
-0.423199678968318
-0.423202590475402
-0.423248008900791
-0.423334368277283
-0.423459899475969
-0.423622523028344
-0.423819880385102
-0.424049371886195
-0.424308193643129
-0.424593372822736
-0.424901801300899
-0.425217435381914
-0.425523861709846
-0.425818107035177
-0.426098270197151
-0.426362699060114
-0.426609958181355
-0.426838822246933
-0.427048270698208
-0.427237482146651
-0.427405828429803
-0.427555579326103
-0.427689326389128
-0.42780705759892
-0.427908675162049
-0.427994158205987
-0.428063566665586
-0.428117041473986
-0.428154803825473
-0.428177153681842
-0.428184467598331
-0.428189179217784
-0.428204005031235
-0.428229086238477
-0.428263618101597
-0.428306636796177
-0.428357086040509
-0.428413836068737
-0.428475698779386
-0.428541441939747
-0.428609802637543
-0.428678976220312
-0.428747182188992
-0.428813231600942
-0.428875981824256
-0.428934310608504
-0.428987123774722
-0.429033363854936
-0.42907201803949
-0.429102125342402
-0.429122782990716
-0.429119643794871
-0.429078014701528
-0.428997331946503
-0.428878221049866
-0.428721673503014
-0.428529019679735
-0.428301898723368
-0.428042228099436
-0.427752173351999
-0.427434117978391
-0.427088104155209
-0.426714062727955
-0.426314506248374
-0.425892294933168
-0.425450457234469
-0.424992145515541
-0.424520602002849
-0.424039126824868
-0.423551047648597
-0.42305969092739
-0.422572451442424
-0.422097040144803
-0.421637050543605
-0.421195578479273
-0.420775442081285
-0.42037918200066
-0.42000905810618
-0.419667047422468
-0.419354843599246
-0.419073857981352
-0.418827035245295
-0.418616350239577
-0.418440932621371
-0.418299674052896
-0.418191414748928
-0.418114963646598
-0.418069094300718
-0.418052540738809
-0.418063994958301
-0.418102106056212
-0.418168549854153
-0.418265890829352
-0.418394193335743
-0.418552979614913
-0.418741390938159
-0.418958228881181
-0.419201992965477
-0.419470917143308
-0.419763005166797
-0.42007606476189
-0.420404825555794
-0.420744011623881
-0.421091470829305
-0.421445158261544
-0.421802973623085
-0.422162783897617
-0.422522444461861
-0.422879818856356
-0.423232797254663
-0.423579313610214
-0.423920514158561
-0.424257137737759
-0.424586215611305
-0.424904781200029
-0.42521012281851
-0.425499805041448
-0.425771664135068
-0.426023801614283
-0.426254577499759
-0.426462603304605
-0.426651967741241
-0.426827195144101
-0.426987603295858
-0.427132239668192
-0.427260227915809
-0.427370809851877
-0.427463348608184
-0.427537328281415
-0.427592352668114
-0.427628143357459
-0.427644759812646
-0.427642575880084
-0.42762201947262
-0.427583556739692
-0.42752769230273
-0.427454969752781
-0.42736597142767
-0.427261317484296
-0.427141664342536
-0.427007702577185
-0.426841702765012
-0.426625000379117
-0.426357866785956
-0.426042357943516
-0.425681072888989
-0.425276964793916
-0.424833287674885
-0.424353554188406
-0.423841495357231
-0.423301021451205
-0.422747786793319
-0.422198519794889
-0.421658514132142
-0.421132013411841
-0.420622879524257
-0.420134623255965
-0.419670405821306
-0.419233039677317
-0.418824990485717
-0.418448380439845
-0.418118975877703
-0.417852376957654
-0.417648998779643
-0.417507729137779
-0.417426929942445
-0.417404580326306
-0.417438314808354
-0.41752545342386
-0.417663031159625
-0.417847827390853
-0.41806994235022
-0.418318930901507
-0.418590796886202
-0.418882044083348
-0.419189266631647
-0.419509113446426
-0.419838297029418
-0.420173605574543
-0.420511915261168
-0.42085020230202
-0.421172286318801
-0.421461697275559
-0.421715910879076
-0.421933668964299
-0.422114147378698
-0.42225689754713
-0.422361824762205
-0.422429168163157
-0.422459480265281
-0.422453605960857
-0.422406687882491
-0.422313807075216
-0.422176380185787
-0.421996573872624
-0.421776904652363
-0.421520176609333
-0.421229442757977
-0.420907968666273
-0.420559197019699
-0.420186713123179
-0.419811290391766
-0.419454260787693
-0.419119097937821
-0.41880769811825
-0.418521523455737
-0.418261754321216
-0.41802931012566
-0.417824860520743
-0.417648836007575
-0.417501438833485
-0.417372770406443
-0.417252637517184
-0.417141145989043
-0.417039014786648
-0.416946937284104
-0.416865534098413
-0.416795348680941
-0.416736846208848
-0.416690413173222
-0.41665635748006
-0.416660214346745
-0.41672853364445
-0.416861672766536
-0.417057596753615
-0.417313510515657
-0.417626047046822
-0.417991348302678
-0.418405135027115
-0.418862772116999
-0.419359330154506
-0.419868327292742
-0.420362547871913
-0.420836892416434
-0.421287852592458
-0.421712246812467
-0.422107223647475
-0.422470260401797
-0.422799161409466
-0.423092056169109
-0.423347396896374
-0.423558821239015
-0.423720005989534
-0.423830208747555
-0.423889515792284
-0.423898510800811
-0.423858229604301
-0.423770124205866
-0.423636027224041
-0.423458116300055
-0.423238878535501
-0.422992262099219
-0.42273295044769
-0.422464312650953
-0.422188884293517
-0.421909022341224
-0.421626926538526
-0.421344641631631
-0.42106405833413
-0.420786914214232
-0.420514794707762
-0.420251304350553
-0.41999998072681
-0.419761964441715
-0.419538054650618
-0.419328846826576
-0.419134747209922
-0.418955983681663
-0.418792616537553
-0.418644549361811
-0.418511540004429
-0.418388108777475
-0.418268373649986
-0.418151576985461
-0.41803738768276
-0.417925565267771
-0.417815910343843
-0.417708256188034
-0.417602463964699
-0.417498418746422
-0.417396025999414
-0.417284003523308
-0.417150614069135
-0.416995688648919
-0.416820053023149
-0.416624848043175
-0.416411488991197
-0.416181628805862
-0.415937123041707
-0.415679996491586
-0.415412411335751
-0.415135033221589
-0.414848624665985
-0.414555725047313
-0.414259008404392
-0.413961165524664
-0.413664885163877
-0.413372831815603
-0.413087624409316
-0.412811816214499
-0.412547875914165
-0.412308946446413
-0.412108276699042
-0.411947652746285
-0.41182779438365
-0.411748998859999
-0.411711167266356
-0.411713828780293
-0.411756165627466
-0.411837038774655
-0.411955014305493
-0.412109867522941
-0.412301458302417
-0.412528149632746
-0.412787926093814
-0.413078493826339
-0.413397313167217
-0.413741632788238
-0.41410852325249
-0.414494909706394
-0.414897603568616
-0.41531756779684
-0.415755569687128
-0.416207707583967
-0.416669816590693
-0.417137775696873
-0.417607546210123
-0.418075196845414
-0.418536926332703
-0.418989084220102
-0.419428189921045
-0.419841948399192
-0.420217806352241
-0.420552666232456
-0.420844531028191
-0.421091930422138
-0.421293853432187
-0.421449723821239
-0.421559377633518
-0.421623040183336
-0.421641302364174
-0.421612492348241
-0.421535114722903
-0.421410619109504
-0.421240950467469
-0.42102835669777
-0.420775343324408
-0.420484642857118
-0.420159185290611
-0.419802068924306
-0.419416531557868
-0.419024857921371
-0.418650259807137
-0.418296465799705
-0.417965454746318
-0.417658696175919
-0.417377308364238
-0.41712208764498
-0.416893527947057
-0.416691839204417
-0.416516965448969
-0.416349131414525
-0.416167928551606
-0.415973148420584
-0.415765897316321
-0.415547430274909
-0.415319143950754
-0.415082553170658
-0.414839267638332
-0.414590969992947
-0.41433939489487
-0.414098232178501
-0.413881494755392
-0.413690694262701
-0.413526267949052
-0.413388320798205
-0.4132766743655
-0.413190890414352
-0.413130292904571
-0.413093989703012
-0.413080894067628
-0.413084764715954
-0.413098793388857
-0.413121018243428
-0.41314990382309
-0.413184037380094
-0.413222097324267
-0.413262849035355
-0.41330514292487
-0.413347912921588
-0.413390175158457
-0.413433020983614
-0.413477805861382
-0.413524001166068
-0.413570961472827
-0.413618044634708
-0.413664623587793
-0.413710090726917
-0.413753861511232
-0.413795377727469
-0.413834110434614
-0.413872265185831
-0.413912061050139
-0.413952840303092
-0.413993772198852
-0.414034042504696
-0.414072875909937
-0.414109538982933
-0.414143341648102
-0.41417363844063
-0.414199829625128
-0.414200818879302
-0.414154396876396
-0.414059383830418
-0.413916631349524
-0.413727572629384
-0.41349395881965
-0.413217818891264
-0.412901437393106
-0.412547333583782
-0.412158239777144
-0.411749870910224
-0.411339068177352
-0.410929972402639
-0.410525574877479
-0.410128579546337
-0.40974153310198
-0.4093668326763
-0.409006723594983
-0.408663296583153
-0.408338485571442
-0.408032172844815
-0.407745566204122
-0.40748308840404
-0.407248779193415
-0.407046085935708
-0.406877884403045
-0.406746506574947
-0.406653768794794
-0.406601000131837
-0.406589071016316
-0.406625209331366
-0.406717125622382
-0.406865636668832
-0.407070378659508
-0.407330266844283
-0.407643581537043
-0.408008045368433
-0.408420896978602
-0.408878960964688
-0.409378713783797
-0.409926707226813
-0.410528481187703
-0.411177569387287
-0.411866770848272
-0.412589001966498
-0.413337369133242
-0.414105180490284
-0.414885957015661
-0.415673445639427
-0.416461633558271
-0.417241073302837
-0.418002233096243
-0.418739516034991
-0.419448025348233
-0.420123324521546
-0.420761415507578
-0.421358732550624
-0.421912136156305
-0.422418906171152
-0.422876733913977
-0.423267790468374
-0.423574581536291
-0.42379698089
-0.423936418944608
-0.423994784540554
-0.423974388295298
-0.423877956428286
-0.423708619723631
-0.423469896166246
-0.42316566794058
-0.422801806313975
-0.422384689127919
-0.421919365262119
-0.421410916788178
-0.42086452471767
-0.420285444135223
-0.419678976653635
-0.419050441091921
-0.418405143029649
-0.417748343818518
-0.417092061680581
-0.416448328811987
-0.415821844254521
-0.41521658244457
-0.414636190752095
-0.414083987065157
-0.413562952116471
-0.413075723475908
-0.412624591660013
-0.412211498495112
-0.41185077203887
-0.411557010746459
-0.411331385890971
-0.411173548142031
-0.411082426308827
-0.411056305331435
-0.41109289082251
-0.411189371582429
-0.41134248031901
-0.411548552303689
-0.411794438536141
-0.412066069378696
-0.412358396417634
-0.412667134899586
-0.412988208302239
-0.413317713399178
-0.413651923807366
-0.413987296113221
-0.414320476051968
-0.414648304409268
-0.414973718744131
-0.415300135957626
-0.415625105888565
-0.415945834741889
-0.416259569123368
-0.416563637477538
-0.416855469955257
-0.417132615337557
-0.41739275622695
-0.417633722600741
-0.417849229903087
-0.418032946091069
-0.418183109319216
-0.418298562408017
-0.418378480681237
-0.418422340830375
-0.418429907630181
-0.418401221015247
-0.418336582410284
-0.418236540290281
-0.418083403100143
-0.417858884203987
-0.417563934826762
-0.417201358725274
-0.416774623957794
-0.4162877300647
-0.415745136376888
-0.415151696199735
-0.414512593377757
-0.413833281120439
-0.413109207237013
-0.412335292572584
-0.411516874566969
-0.410660310877181
-0.409772268462569
-0.40885959206622
-0.407929236180201
-0.406988205473095
-0.406043499744339
-0.405102063043598
-0.40418601623101
-0.403318607341908
-0.402507693197484
-0.401759370232463
-0.401078882579401
-0.400470695018635
-0.399938511632336
-0.399485294627256
-0.399113286713082
-0.398824036890288
-0.39862808695415
-0.398536835122757
-0.398551989545671
-0.398673379168228
-0.398899586561758
-0.399228098674205
-0.399655437594077
-0.400177284541281
-0.400788596974562
-0.401483718280243
-0.402255930765215
-0.403097455062678
-0.404000225714766
-0.404956202086741
-0.405957420589647
-0.40699602815455
-0.408064313764142
-0.4091547387095
-0.410259965213556
-0.411372883067768
